#Frame       SA_00001
       1    1177.3948
       2    1062.8726
       3    1057.4775
       4    1064.2235
       5    1137.1269
       6    1043.2491
       7    1160.9054
       8    1142.2440
       9    1054.7541
      10    1060.7140
      11    1062.5560
      12    1061.7233
      13    1080.2500
      14    1090.1152
      15    1135.0258
      16    1163.6949
      17    1137.4175
      18    1071.8071
      19    1063.2762
      20    1125.8683
      21    1053.3006
      22    1128.9986
      23    1091.9441
      24    1092.0850
      25    1109.5831
      26    1062.3940
      27    1159.4103
      28    1067.5159
      29    1057.6777
      30    1144.8950
      31    1062.7202
      32    1061.7324
      33    1111.2836
      34    1062.7480
      35    1144.5038
      36    1062.7114
      37    1179.4184
      38    1036.3981
      39    1137.5399
      40    1137.0450
      41    1101.8119
      42    1062.5823
      43    1063.0209
      44    1111.6480
      45    1062.7228
      46    1055.7277
      47    1090.6154
      48    1136.4105
      49    1071.6542
      50    1059.1562
