#Frame       SA_00001
       1    5945.7009
       2    6027.9142
       3    5961.2538
       4    5970.2184
       5    6012.5032
       6    5954.1018
       7    6018.6910
       8    6024.5979
       9    5956.0676
      10    5981.9487
      11    5976.5686
      12    5903.3732
      13    5946.9535
      14    6023.0698
      15    5976.5649
      16    6000.3636
      17    6009.5027
      18    6026.0013
      19    6021.6944
      20    6074.6638
      21    6008.3368
      22    5992.7944
      23    5964.2972
      24    5963.3688
      25    5966.7630
      26    6005.1507
      27    6020.7307
      28    6078.5505
      29    5959.7434
      30    6090.8831
      31    5914.8546
      32    6037.8908
      33    6023.0757
      34    5959.4984
      35    6010.5247
      36    5970.5751
      37    5993.6861
      38    5913.8561
      39    6015.1578
      40    6009.3012
      41    5985.0518
      42    5950.3847
      43    5959.4001
      44    6041.6866
      45    5953.9855
      46    5963.9986
      47    5968.0277
      48    6009.7462
      49    5926.1241
      50    5900.9302
