#Frame       SA_00001
       1    6049.5584
       2    6243.2152
       3    6167.2561
       4    6187.3177
       5    6221.1772
       6    6197.9302
       7    6162.5659
       8    6188.4166
       9    6143.2282
      10    6197.4750
      11    6199.5383
      12    6119.9849
      13    6088.5965
      14    6243.7965
      15    6129.4893
      16    6180.8303
      17    6206.9129
      18    6269.7410
      19    6247.1556
      20    6272.2394
      21    6195.3030
      22    6210.3021
      23    6165.0205
      24    6114.0874
      25    6176.0102
      26    6214.5437
      27    6188.8801
      28    6333.3910
      29    6159.2951
      30    6311.2981
      31    6133.4943
      32    6216.2644
      33    6148.5448
      34    6181.9458
      35    6212.4949
      36    6192.9398
      37    6220.2270
      38    5980.6055
      39    6225.0614
      40    6220.2404
      41    6132.4335
      42    6170.5049
      43    6182.3755
      44    6106.8065
      45    6172.2125
      46    6153.3224
      47    6165.2758
      48    6231.8104
      49    6166.3937
      50    6013.0755
