Cpptraj Generated trajectory                                                    
  -5.124  46.650  20.229  -5.346  47.625  20.372  -4.194  46.490  20.587  -5.771
  46.099  20.774  -5.206  46.309  18.782  -4.499  46.950  18.250  -4.830  44.835
  18.473  -5.399  44.175  19.131  -5.121  44.598  17.446  -3.332  44.499  18.627
  -2.975  44.839  19.600  -3.220  43.413  18.592  -2.459  45.102  17.515  -2.756
  44.665  16.560  -2.614  46.182  17.473  -1.029  44.834  17.745  -0.781  44.266
  18.541  -0.015  45.288  17.031  -0.170  46.016  15.966  -1.103  46.237  15.626
   0.646  46.325  15.443   1.199  45.007  17.395   1.366  44.451  18.218   1.986
  45.376  16.865  -6.576  46.697  18.215  -6.689  47.774  17.627  -7.619  45.873
  18.390  -7.486  45.009  18.899  -8.991  46.147  17.924  -9.172  47.223  17.967
  -9.148  45.696  16.457 -10.102  46.064  16.076  -8.359  46.154  15.860  -9.112
  44.171  16.265  -8.192  43.773  16.695  -9.953  43.731  16.801  -9.219  43.621
  14.540  -7.543  44.022  13.966  -6.810  43.490  14.572  -7.429  43.718  12.926
  -7.367  45.095  14.042 -10.044  45.468  18.818  -9.728  44.521  19.545 -11.299
  45.920  18.736 -11.489  46.685  18.106 -12.451  45.244  19.352 -12.111  44.788
  20.278 -13.548  46.270  19.703 -13.878  46.750  18.780 -14.403  45.734  20.118
 -13.132  47.368  20.704 -12.285  47.926  20.305 -14.293  48.342  20.904 -15.156
  47.819  21.317 -13.993  49.137  21.586 -14.566  48.789  19.948 -12.750  46.798
  22.072 -11.850  46.190  21.986 -12.542  47.614  22.764 -13.565  46.191  22.467
 -13.004  44.128  18.432 -12.911  44.263  17.206 -13.602  43.046  18.974 -13.618
  42.665  20.382 -14.482  43.115  20.872 -12.701  42.943  20.902 -13.746  41.144
  20.389 -14.217  40.780  21.303 -12.763  40.690  20.254 -14.611  40.881  19.160
 -15.659  41.016  19.429 -14.440  39.882  18.758 -14.185  41.968  18.168 -13.401
  41.563  17.528 -15.362  42.399  17.275 -16.029  43.408  17.525 -15.638  41.587
  16.250 -15.043  40.767  16.152 -16.702  41.736  15.243 -17.284  42.635  15.456
 -16.020  41.900  13.872 -15.411  42.806  13.904 -15.353  41.051  13.707 -16.987
  42.001  12.681 -17.448  41.029  12.498 -17.771  42.721  12.918 -16.275  42.474
  11.403 -17.014  42.565  10.604 -15.870  43.472  11.581 -15.171  41.580  10.989
 -14.288  41.683  11.467 -15.162  40.710   9.995 -16.200  40.464   9.252 -17.069
  40.932   9.436 -16.111  39.817   8.479 -14.074  40.062   9.714 -13.228  40.251
  10.250 -14.060  39.416   8.945 -17.654  40.536  15.300 -17.205  39.409  15.500
 -18.959  40.768  15.139 -19.253  41.714  14.949 -20.002  39.735  15.230 -19.565
  38.840  15.674 -21.114  40.230  16.179 -20.669  40.496  17.139 -21.545  41.136
  15.751 -22.258  39.226  16.429 -22.699  38.927  15.478 -21.787  37.975  17.174
 -21.323  38.253  18.120 -22.638  37.323  17.369 -21.071  37.425  16.569 -23.348
  39.889  17.271 -23.730  40.768  16.752 -24.171  39.191  17.425 -22.944  40.190
  18.239 -20.537  39.336  13.846 -20.895  40.197  13.038 -20.633  38.029  13.604
 -20.290  37.390  14.315 -21.108  37.412  12.364 -21.532  38.176  11.710 -19.909
  36.765  11.647 -19.463  36.014  12.302 -20.248  36.276  10.734 -18.652  38.010
  11.221 -17.788  37.174  10.632 -22.207  36.370  12.648 -22.202  35.721  13.696
 -23.125  36.167  11.698 -23.092  36.735  10.863 -24.156  35.124  11.753 -23.878
  34.382  12.502 -25.485  35.753  12.191 -25.342  36.290  13.130 -25.823  36.460
  11.430 -26.741  34.459  12.423 -27.765  35.268  12.685 -24.258  34.397  10.401
 -24.333  35.039   9.349 -24.216  33.062  10.430 -24.207  32.613  11.343 -24.178
  32.174   9.264 -24.252  32.754   8.343 -22.864  31.361   9.245 -22.795  30.807
  10.180 -22.968  30.629   8.446 -21.522  32.082   9.012 -21.564  32.632   8.075
 -21.095  33.032  10.133 -21.204  32.544  11.102 -20.061  33.341   9.986 -21.701
  33.931  10.104 -20.438  31.008   8.898 -20.632  30.383   8.027 -19.460  31.470
   8.777 -20.425  30.389   9.796 -25.358  31.194   9.324 -25.683  30.692  10.398
 -25.946  30.840   8.179 -25.649  31.283   7.322 -26.980  29.798   8.079 -27.072
  29.307   9.046 -28.348  30.433   7.786 -28.535  31.205   8.535 -28.329  30.898
   6.799 -29.487  29.403   7.853 -29.378  28.691   7.032 -29.395  28.850   8.791
 -30.885  30.042   7.781 -31.059  31.116   7.159 -31.846  29.456   8.333 -26.590
  28.708   7.067 -26.111  29.005   5.971 -26.765  27.439   7.454 -27.181  27.285
   8.367 -26.252  26.254   6.751 -25.172  26.370   6.637 -26.513  25.024   7.640
 -26.107  25.217   8.634 -27.590  24.873   7.736 -25.870  23.738   7.101 -26.290
  23.505   6.123 -24.795  23.891   7.003 -26.131  22.555   8.045 -25.686  22.766
   9.020 -27.209  22.425   8.168 -25.524  21.267   7.470 -25.950  21.089   6.477
 -24.445  21.404   7.353 -25.788  20.095   8.343 -26.778  19.931   8.449 -25.385
  19.257   7.952 -25.393  20.222   9.262 -26.856  26.095   5.348 -28.079  26.101
   5.190 -25.996  25.912   4.347 -25.009  25.898   4.582 -26.353  25.562   2.967
 -27.409  25.765   2.782 -25.770  26.186   2.289 -26.077  24.086   2.632 -25.645
  23.322   3.503 -26.266  23.661   1.367 -26.732  24.470   0.247 -26.219  25.431
   0.196 -27.809  24.623   0.335 -26.428  23.651  -1.006 -25.407  23.848  -1.338
 -27.139  23.858  -1.806 -26.540  22.212  -0.504 -25.974  21.520  -1.129 -27.591
  21.920  -0.477 -25.996  22.285   0.929 -26.553  21.586   1.554 -24.505  21.899
   0.999 -24.175  20.712   1.030 -23.607  22.889   1.070 -23.952  23.838   1.007
 -22.161  22.745   1.274 -21.899  21.696   1.127 -21.419  23.551   0.184 -20.348
  23.374   0.285 -21.717  23.182  -0.798 -21.662  25.055   0.213 -22.572  25.572
   0.849 -20.866  25.813  -0.504 -21.041  26.804  -0.527 -20.121  25.398  -1.044
 -21.708  23.081   2.718 -20.530  23.367   2.945 -22.621  23.056   3.699 -23.584
  22.860   3.455 -22.330  23.356   5.108 -23.092  22.901   5.739 -21.370  22.919
   5.381 -22.297  24.860   5.401 -23.203  25.591   4.997 -21.260  25.323   6.103
 -20.555  24.654   6.403 -20.962  26.749   6.303 -21.837  27.338   6.032 -20.667
  27.013   7.785 -19.821  26.398   8.094 -20.368  28.055   7.892 -21.843  26.771
   8.717 -22.977  27.603   8.637 -23.010  28.397   7.905 -24.067  27.401   9.502
 -24.926  28.051   9.459 -24.034  26.354  10.446 -25.104  26.141  11.254 -25.900
  26.568  10.902 -22.897  25.523  10.533 -22.878  24.725  11.263 -21.804  25.731
   9.668 -20.940  25.085   9.731 -19.818  27.251   5.403 -19.698  28.458   5.191
 -19.008  26.341   4.852 -19.109  25.377   5.159 -17.998  26.620   3.826 -17.588
  25.668   3.489 -18.457  27.093   2.965 -16.828  27.469   4.319 -16.424  28.432
   3.662 -16.290  27.105   5.482 -16.706  26.318   5.962 -14.992  27.551   5.985
 -14.351  27.747   5.125 -15.122  28.859   6.779 -14.118  29.265   6.899 -15.674
  29.578   6.177 -15.757  28.782   8.158 -14.978  29.058   9.299 -13.922  29.258
   9.199 -15.574  29.100  10.571 -14.977  29.334  11.441 -16.949  28.850  10.710
 -17.407  28.890  11.686 -17.726  28.542   9.581 -18.782  28.345   9.694 -17.131
  28.511   8.306 -17.738  28.303   7.438 -14.317  26.445   6.807 -14.966  25.485
   7.223 -13.008  26.568   7.018 -12.553  27.402   6.658 -12.167  25.586   7.710
 -12.785  24.768   8.075 -11.110  25.011   6.751 -10.499  25.829   6.373 -10.458
  24.348   7.320 -11.645  24.232   5.571 -11.400  22.876   5.332 -12.038  22.583
   4.184 -12.061  21.604   3.718 -12.644  23.676   3.693 -13.208  23.705   2.838
 -12.394  24.730   4.544 -12.722  25.752   4.421 -11.482  26.217   8.918 -11.029
  27.358   8.833 -11.345  25.466  10.012 -11.714  24.521   9.986 -10.609  25.890
  11.211 -10.391  26.951  11.130 -11.465  25.676  12.473 -11.786  24.634  12.504
 -10.842  25.855  13.351 -12.708  26.577  12.580 -13.352  26.419  11.716 -13.482
  26.214  13.847 -12.850  26.356  14.724 -14.364  26.847  13.931 -13.800  25.173
  13.801 -12.350  28.060  12.671 -11.910  28.388  11.733 -13.248  28.648  12.850
 -11.641  28.228  13.482  -9.250  25.189  11.337  -9.081  24.066  10.853  -8.293
  25.845  11.998  -8.514  26.781  12.329  -7.013  25.274  12.448  -7.194  24.241
  12.751  -5.981  25.246  11.297  -5.128  24.653  11.626  -6.423  24.713  10.456
  -5.441  26.563  10.770  -4.363  26.668   9.882  -4.220  27.978   9.615  -3.467
  28.400   8.959  -5.151  28.691  10.269  -5.256  29.699  10.220  -5.929  27.818
  10.998  -6.769  28.073  11.624  -6.457  26.007  13.686  -6.888  27.117  14.014
  -5.488  25.389  14.366  -5.190  24.479  14.045  -4.713  26.007  15.452  -5.354
  26.673  16.030  -4.356  25.226  16.124  -3.500  26.810  14.960  -3.206  26.863
  13.764  -2.761  27.415  15.893  -3.031  27.309  16.861  -1.505  28.139  15.631
  -1.081  27.776  14.693  -1.806  29.641  15.451  -2.503  29.750  14.619  -2.290
  30.024  16.349  -0.549  30.479  15.161   0.081  30.505  16.053   0.021  29.993
  14.365  -0.880  31.914  14.722  -1.521  32.101  13.663  -0.452  32.874  15.403
  -0.461  27.861  16.733  -0.813  27.670  17.902   0.829  27.824  16.364   1.045
  28.013  15.394   1.948  27.429  17.241   1.796  26.386  17.527   3.264  27.513
  16.443   3.156  26.932  15.524   3.457  28.553  16.169   4.470  26.964  17.225
   4.620  27.556  18.129   4.273  25.929  17.509   5.748  27.020  16.376   5.610
  26.419  15.475   5.943  28.055  16.087   6.940  26.479  17.176   7.053  27.074
  18.087   6.727  25.448  17.473   8.196  26.525  16.389   8.425  27.468  16.118
   8.971  26.167  16.926   8.125  25.968  15.551   2.002  28.265  18.530   2.160
  29.486  18.487   1.881  27.593  19.677   1.751  26.594  19.622   1.929  28.200
  21.014   2.060  27.405  21.748   2.798  28.857  21.075   0.693  29.014  21.430
   0.729  29.654  22.485  -0.391  29.021  20.637  -0.371  28.451  19.797  -1.629
  29.779  20.915  -1.402  30.568  21.635  -2.151  30.447  19.626  -2.543  29.669
  18.967  -2.982  31.105  19.886  -1.116  31.261  18.826  -0.353  30.585  18.442
  -1.627  31.703  17.969  -0.433  32.389  19.615  -1.190  33.086  19.981   0.111
  31.971  20.464   0.554  33.127  18.698   1.304  32.413  18.342   0.013  33.503
  17.824   1.223  34.252  19.398   1.750  33.930  20.195   1.867  34.725  18.782
   0.556  34.936  19.719  -2.710  28.897  21.558  -2.755  27.689  21.313  -3.598
  29.504  22.355  -3.477  30.491  22.530  -4.712  28.807  23.027  -4.469  27.746
  23.103  -4.880  29.346  24.464  -5.178  30.394  24.410  -5.693  28.797  24.937
  -3.641  29.235  25.375  -2.821  29.816  24.952  -3.970  29.807  26.755  -4.763
  29.225  27.223  -3.082  29.777  27.386  -4.291  30.844  26.655  -3.177  27.789
  25.563  -2.832  27.381  24.614  -2.346  27.758  26.268  -3.996  27.179  25.945
  -6.045  28.871  22.249  -6.870  27.967  22.390  -6.251  29.908  21.426  -5.526
  30.604  21.366  -7.443  30.095  20.583  -8.317  29.691  21.096  -7.614  31.162
  20.436  -7.345  29.432  19.201  -6.276  28.969  18.793  -8.465  29.410  18.469
  -9.284  29.868  18.844  -8.594  28.790  17.139  -7.658  28.289  16.893  -9.700
  27.714  17.147 -10.671  28.203  17.237  -9.681  27.190  16.189  -9.576  26.674
  18.280  -9.786  27.164  19.231 -10.339  25.908  18.142  -8.210  25.989  18.364
  -7.539  25.724  17.377  -7.751  25.660  19.550  -6.823  25.276  19.610  -8.303
  25.869  20.380  -8.829  29.834  16.032  -9.401  30.901  16.275  -8.393  29.518
  14.810  -7.969  28.606  14.666  -8.341  30.440  13.670  -8.897  31.345  13.908
  -6.877  30.832  13.399  -6.310  29.929  13.167  -6.845  31.467  12.512  -6.178
  31.559  14.533  -5.602  30.833  15.595  -5.659  29.753  15.602  -4.966  31.508
  16.655  -4.549  30.944  17.476  -4.877  32.917  16.638  -4.278  33.587  17.657
  -3.916  32.991  18.320  -5.424  33.641  15.558  -5.333  34.717  15.541  -6.086
  32.965  14.515  -6.520  33.526  13.697  -8.965  29.828  12.408  -9.062  28.607
  12.281  -9.350  30.665  11.443  -9.268  31.663  11.622  -9.836  30.231  10.126
 -10.378  29.295  10.257 -10.838  31.252   9.536 -10.330  32.212   9.426 -11.317
  30.799   8.143 -11.831  29.841   8.208 -11.992  31.542   7.724 -10.480  30.710
   7.454 -12.031  31.443  10.505 -12.452  30.470  10.754 -11.661  31.896  11.424
 -13.168  32.334   9.991 -13.726  31.823   9.207 -13.848  32.556  10.814 -12.768
  33.268   9.600  -8.651  29.950   9.188  -7.800  30.816   8.978  -8.617  28.757
   8.583  -9.368  28.113   8.809  -7.623  28.349   7.571  -6.667  28.823   7.800
  -7.437  26.820   7.627  -7.228  26.519   8.653  -8.362  26.334   7.318  -6.280
  26.347   6.724  -6.452  26.664   5.695  -5.354  26.806   7.070  -6.100  24.824
   6.730  -5.175  24.573   6.208  -5.993  24.488   7.763  -7.236  24.123   6.095
  -7.904  23.690   6.723  -7.418  23.902   4.803  -6.567  24.294   3.900  -5.720
  24.755   4.182  -6.725  24.078   2.931  -8.470  23.272   4.374  -9.206  22.982
   5.002  -8.564  23.086   3.391  -8.006  28.792   6.157  -7.146  29.226   5.393
  -9.286  28.646   5.811  -9.927  28.328   6.524  -9.827  28.823   4.460  -9.289
  29.629   3.959  -9.610  27.502   3.684  -8.539  27.301   3.627 -10.064  26.695
   4.258 -10.194  27.441   2.258 -11.266  27.633   2.290  -9.528  28.446   1.317
  -8.454  28.262   1.271  -9.951  28.344   0.317  -9.703  29.465   1.657  -9.988
  26.043   1.676 -10.473  25.304   2.313 -10.432  25.990   0.682  -8.923  25.817
   1.608 -11.315  29.194   4.530 -12.027  28.696   5.400 -11.790  30.009   3.586
 -11.144  30.374   2.901 -13.220  30.266   3.339 -13.817  29.577   3.935 -13.624
  31.697   3.745 -13.097  32.415   3.116 -15.130  31.910   3.577 -15.675  31.183
   4.176 -15.400  32.917   3.895 -15.413  31.793   2.532 -13.277  31.988   5.209
 -12.198  31.964   5.350 -13.638  32.976   5.485 -13.743  31.252   5.859 -13.521
  29.987   1.864 -12.774  30.417   0.983 -14.584  29.232   1.591 -15.189  28.953
   2.356 -14.900  28.706   0.255 -13.953  28.557  -0.260 -15.562  27.322   0.378
 -16.524  27.420   0.884 -15.734  26.939  -0.629 -14.678  26.321   1.149 -13.666
  26.369   0.740 -14.629  26.617   2.200 -15.168  24.865   1.069 -16.296  24.592
   0.598 -14.410  23.960   1.490 -15.759  29.678  -0.590 -16.570  30.419  -0.023
 -15.632  29.690  -1.936 -14.682  28.928  -2.740 -15.094  27.941  -2.953 -13.708
  28.834  -2.262 -14.519  29.713  -4.040 -14.247  29.064  -4.874 -13.775  30.500
  -3.904 -15.899  30.336  -4.229 -16.563  29.599  -4.684 -15.854  31.237  -4.842
 -16.341  30.646  -2.793 -15.993  31.648  -2.537 -17.870  30.594  -2.646 -18.491
  29.539  -2.804 -18.484  31.746  -2.366 -17.905  32.570  -2.219 -19.935  31.914
  -2.234 -20.151  32.980  -2.172 -20.423  31.519  -3.126 -20.566  31.242  -1.006
 -21.788  31.069  -0.980 -19.773  30.831  -0.011 -18.776  31.000  -0.070 -20.274
  30.138   1.183 -20.952  29.354   0.847 -19.120  29.462   1.924 -19.546  28.782
   2.656 -18.522  28.886   1.218 -18.294  30.384   2.608 -17.514  29.890   2.910
 -21.039  31.056   2.148 -20.866  32.278   2.107 -21.833  30.498   3.085 -22.341
  29.132   3.103 -21.571  28.449   3.457 -22.695  28.822   2.119 -23.506  29.148
   4.089 -23.652  28.179   4.562 -24.415  29.469   3.578 -23.074  30.214   5.094
 -22.357  29.782   5.795 -23.923  30.640   5.628 -22.389  31.256   4.207 -23.138
  31.949   3.823 -21.335  32.048   4.993 -21.608  33.169   5.414 -20.122  31.511
   5.150 -19.951  30.574   4.802 -19.010  32.212   5.787 -19.355  32.624   6.735
 -17.923  31.179   6.085 -17.656  30.641   5.177 -17.037  31.670   6.486 -18.301
  30.465   6.813 -18.479  33.397   4.960 -18.216  34.458   5.529 -18.375  33.273
   3.632 -18.590  32.378   3.200 -17.996  34.401   2.767 -17.103  34.865   3.189
 -17.642  33.904   1.353 -16.886  33.125   1.435 -18.525  33.481   0.872 -17.080
  35.047   0.493 -17.894  35.723   0.217 -16.362  35.617   1.088 -16.384  34.541
  -0.778 -17.076  34.118  -1.732 -15.136  34.613  -0.862 -19.092  35.480   2.731
 -18.796  36.675   2.820 -20.365  35.065   2.689 -20.521  34.063   2.596 -21.547
  35.944   2.769 -21.461  36.727   2.014 -22.810  35.116   2.474 -22.813  34.228
   3.108 -23.694  35.709   2.714 -22.890  34.702   0.995 -23.045  35.595   0.387
 -21.955  34.234   0.685 -24.038  33.713   0.751 -23.850  32.801   1.322 -24.978
  34.158   1.082 -24.126  33.379  -0.744 -24.345  34.297  -1.297 -23.152  33.010
  -1.081 -25.169  32.362  -1.024 -26.077  32.671  -0.715 -25.232  32.177  -2.014
 -24.960  31.487  -0.568 -21.657  36.664   4.120 -22.104  37.811   4.163 -21.195
  36.036   5.204 -20.946  35.059   5.109 -21.065  36.643   6.530 -21.927  37.292
   6.696 -21.120  35.524   7.576 -20.268  34.855   7.453 -21.098  35.955   8.575
 -22.045  34.958   7.460 -19.806  37.526   6.701 -19.664  38.191   7.729 -18.900
  37.563   5.715 -19.059  36.993   4.893 -17.702  38.411   5.728 -17.373  38.550
   4.698 -17.952  39.392   6.133 -16.513  37.847   6.518 -15.717  38.624   7.054
 -16.390  36.519   6.622 -17.089  35.937   6.171 -15.207  35.842   7.173 -14.779
  36.458   7.964 -15.611  34.489   7.790 -16.014  33.857   6.998 -14.712  34.004
   8.169 -16.642  34.568   8.932 -17.566  35.018   8.570 -16.960  33.160   9.431
 -16.061  32.677   9.810 -17.695  33.215  10.229 -17.367  32.566   8.618 -16.128
  35.375  10.126 -16.008  36.419   9.842 -16.839  35.320  10.949 -15.166  34.981
  10.454 -14.111  35.659   6.106 -14.411  35.498   4.921 -12.844  35.643   6.535
 -12.676  35.805   7.526 -11.653  35.400   5.704 -11.951  34.888   4.789 -10.989
  36.746   5.331 -10.777  37.283   6.256 -10.031  36.548   4.848 -11.801  37.672
   4.404 -12.787  37.857   4.829 -11.084  39.017   4.268 -10.094  38.874   3.834
 -11.666  39.681   3.628 -10.984  39.480   5.249 -11.956  37.086   2.998 -12.531
  36.163   3.039 -12.493  37.793   2.364 -10.977  36.886   2.563 -10.642  34.480
   6.421 -10.709  34.272   7.635  -9.673  33.942   5.674  -9.643  34.160   4.689
  -8.549  33.195   6.241  -8.948  32.382   6.850  -7.736  32.573   5.100  -7.329
  33.357   4.459  -6.910  31.992   5.512  -8.369  31.914   4.506  -7.672  34.080
   7.154  -7.440  35.258   6.869  -7.172  33.505   8.251  -7.382  32.525   8.414
  -6.373  34.190   9.274  -5.723  33.456   9.751  -5.740  34.938   8.797  -7.182
  34.887  10.380  -6.585  35.360  11.348  -8.516  34.933  10.286  -8.960  34.534
   9.471  -9.382  35.452  11.358  -9.008  36.430  11.662 -10.834  35.637  10.872
 -11.201  34.668  10.532 -11.442  35.930  11.732 -11.053  36.684   9.759 -10.143
  37.492   9.460 -12.179  36.738   9.210  -9.352  34.543  12.602  -9.323  33.315
  12.490  -9.384  35.151  13.793  -9.456  36.165  13.789  -9.393  34.489  15.108
  -8.964  33.489  15.022  -8.522  35.330  16.058  -7.539  35.455  15.606  -8.966
  36.321  16.154  -8.350  34.728  17.462  -9.320  34.667  17.957  -7.926  33.726
  17.380  -7.415  35.614  18.300  -6.436  35.644  17.817  -7.802  36.634  18.320
  -7.249  35.102  19.676  -6.540  34.401  19.820  -7.900  35.482  20.764  -8.821
  36.399  20.771  -9.036  36.908  19.937  -9.265  36.614  21.658  -7.636  34.950
  21.917  -6.901  34.270  22.017  -8.158  35.282  22.719 -10.824  34.361  15.627
 -11.559  35.344  15.592 -11.214  33.197  16.150 -10.549  32.431  16.178 -12.511
  33.012  16.818 -13.231  33.709  16.387 -13.059  31.588  16.588 -12.245  30.863
  16.637 -13.747  31.363  17.404 -13.846  31.411  15.274 -14.644  32.153  15.239
 -12.985  31.559  14.020 -12.131  30.884  14.068 -13.580  31.332  13.136 -12.629
  32.585  13.931 -14.491  30.025  15.241 -15.136  29.896  16.111 -15.099  29.921
  14.342 -13.719  29.256  15.247 -12.413  33.357  18.314 -11.457  32.979  18.994
 -13.432  34.058  18.815 -14.157  34.344  18.165 -13.550  34.555  20.197 -12.656
  34.281  20.757 -13.668  36.096  20.217 -14.611  36.386  19.754 -13.649  36.656
  21.644 -12.705  36.411  22.124 -13.765  37.740  21.619 -14.464  36.239  22.233
 -12.532  36.776  19.441 -12.601  36.536  18.381 -12.609  37.857  19.553 -11.570
  36.440  19.825 -14.743  33.916  20.912 -14.600  33.442  22.037 -15.903  33.833
  20.250 -15.946  34.190  19.303 -17.109  33.169  20.775 -16.799  32.458  21.537
 -18.093  34.168  21.421 -18.552  34.767  20.635 -18.888  33.592  21.898 -17.483
  35.108  22.474 -16.930  34.514  23.199 -16.778  35.779  21.984 -18.529  35.950
  23.225 -19.643  36.194  22.708 -18.234  36.409  24.353 -17.861  32.384  19.690
 -17.849  32.767  18.518 -18.579  31.332  20.098 -18.532  31.089  21.086 -19.556
  30.594  19.276 -19.697  31.119  18.332 -19.074  29.164  18.951 -18.963  28.604
  19.881 -20.087  28.426  18.063 -20.264  28.988  17.146 -19.706  27.439  17.808
 -21.031  28.293  18.591 -17.720  29.153  18.229 -16.953  29.593  18.865 -17.433
  28.128  17.996 -17.780  29.728  17.309 -20.898  30.565  20.013 -20.958  30.155
  21.171 -21.973  31.031  19.370 -21.847  31.325  18.405 -23.320  31.188  19.951
 -23.872  31.833  19.269 -24.057  29.832  19.956 -23.495  29.123  20.563 -25.041
  29.950  20.409 -24.274  29.254  18.567 -24.474  29.960  17.587 -24.254  27.948
  18.436 -24.434  27.555  17.529 -24.111  27.358  19.241 -23.368  31.950  21.302
 -24.294  31.769  22.097 -22.385  32.823  21.561 -21.681  32.955  20.851 -22.233
  33.580  22.812 -21.765  34.537  22.580 -23.216  33.786  23.236 -21.387  32.901
  23.902 -21.193  33.489  24.967 -20.862  31.695  23.666 -21.047  31.249  22.773
 -19.915  31.008  24.559 -20.022  31.396  25.572 -20.206  29.495  24.595 -20.046
  29.080  23.599 -19.489  29.018  25.265 -21.631  29.120  25.046 -22.346  29.502
  24.314 -21.713  28.031  25.036 -22.008  29.627  26.450 -21.121  29.797  27.319
 -23.217  29.821  26.721 -18.467  31.267  24.115 -18.139  31.093  22.940 -17.589
  31.678  25.036 -17.900  31.776  25.992 -16.196  32.021  24.729 -16.196  32.634
  23.829 -15.626  32.880  25.875 -16.294  33.723  26.054 -15.580  32.286  26.788
 -14.229  33.410  25.586 -13.262  32.665  25.525 -14.075  34.702  25.414 -13.145
  35.058  25.202 -14.867  35.321  25.456 -15.344  30.775  24.413 -15.426  29.761
  25.112 -14.510  30.869  23.371 -14.491  31.751  22.865 -13.676  29.768  22.848
 -13.796  28.911  23.508 -14.153  29.305  21.457 -13.502  28.492  21.152 -15.582
  28.752  21.495 -16.296  29.548  21.700 -15.823  28.292  20.538 -15.660  27.995
  22.274 -14.078  30.383  20.371 -13.079  30.818  20.338 -14.295  29.935  19.402
 -14.809  31.163  20.569 -12.167  30.059  22.855 -11.386  29.266  22.331 -11.716
  31.153  23.476 -12.389  31.746  23.955 -10.315  31.618  23.424 -10.023  31.696
  22.376 -10.208  33.020  24.045 -10.554  32.986  25.079  -9.160  33.320  24.053
 -10.998  34.083  23.272 -10.678  34.077  22.227 -12.064  33.849  23.298 -10.751
  35.468  23.880 -11.511  35.880  24.787  -9.781  36.146  23.464  -9.285  30.677
  24.087  -8.079  30.874  23.917  -9.743  29.654  24.826 -10.745  29.599  24.941
  -8.917  28.585  25.423  -7.929  28.629  24.967  -8.745  28.826  26.938  -9.723
  28.803  27.422  -8.139  28.020  27.355  -8.046  30.158  27.264  -7.099  30.207
  26.724  -8.676  30.990  26.948  -7.774  30.287  28.770  -8.722  30.234  29.311
  -7.134  29.464  29.094  -7.085  31.624  29.074  -6.145  31.674  28.515  -7.725
  32.439  28.724  -6.816  31.785  30.524  -6.214  31.055  30.871  -6.363  32.667
  30.712  -7.670  31.765  31.060  -9.422  27.163  25.111  -8.993  26.204  25.754
 -10.339  27.006  24.153 -10.576  27.811  23.586 -10.891  25.702  23.741 -10.762
  24.989  24.557 -12.404  25.814  23.491 -12.605  26.581  22.740 -12.751  24.856
  23.105 -13.170  26.137  24.790 -12.713  25.579  25.611 -13.059  27.201  25.013
 -14.665  25.772  24.737 -15.253  25.630  23.644 -15.296  25.627  25.810 -10.147
  25.100  22.536  -9.514  25.817  21.757 -10.195  23.772  22.387 -10.780  23.232
  23.019  -9.462  23.039  21.336  -8.473  23.486  21.247  -9.245  21.555  21.691
  -8.529  21.140  20.980  -8.685  21.339  23.097  -9.417  21.631  23.850  -8.434
  20.287  23.233  -7.780  21.933  23.225 -10.441  20.816  21.580 -10.230  19.911
  21.846 -10.133  23.146  19.964 -11.323  23.446  19.857  -9.388  22.844  18.894
  -8.408  22.643  19.032  -9.913  22.790  17.521 -10.205  23.789  17.197  -8.801
  22.287  16.585  -8.024  23.048  16.511  -8.350  21.388  17.009  -9.288  21.957
  15.198  -9.691  22.884  14.235 -10.142  22.159  13.200 -10.561  22.577  12.294
 -10.035  20.844  13.461 -10.350  20.094  12.860  -9.501  20.697  14.720  -9.321
  19.770  15.251 -11.174  21.919  17.420 -12.199  22.371  16.910 -11.139  20.708
  17.988 -10.283  20.405  18.426 -12.292  19.805  17.991 -12.641  19.713  16.962
 -11.854  18.410  18.472 -11.058  18.045  17.820 -11.451  18.495  19.483 -12.987
  17.368  18.492 -12.583  16.425  18.861 -13.768  17.679  19.187 -13.597  17.119
  17.113 -13.090  16.345  16.312 -14.699  17.753  16.775 -15.099  17.561  15.873
 -15.124  18.422  17.414 -13.468  20.354  18.814 -14.612  20.191  18.396 -13.223
  21.033  19.940 -12.263  21.178  20.230 -14.290  21.650  20.738 -15.048  20.895
  20.955 -13.724  22.160  22.074 -12.821  22.736  21.875 -14.453  22.819  22.546
 -13.407  21.014  23.052 -14.348  20.580  23.394 -12.855  20.229  22.535 -12.586
  21.443  24.271 -12.030  22.530  24.365 -12.472  20.594  25.270 -11.931  20.874
  26.075 -12.914  19.687  25.226 -14.996  22.778  19.970 -16.227  22.818  19.937
 -14.243  23.654  19.292 -13.231  23.571  19.359 -14.819  24.748  18.487 -15.563
  25.260  19.097 -13.748  25.785  18.096 -12.979  25.312  17.484 -14.347  26.963
  17.318 -15.096  27.470  17.926 -13.558  27.669  17.060 -14.812  26.616  16.397
 -13.100  26.374  19.353 -12.474  25.633  19.843 -12.477  27.231  19.100 -13.881
  26.675  20.046 -15.562  24.210  17.262 -16.680  24.648  16.984 -15.003  23.203
  16.581 -14.070  22.896  16.847 -15.692  22.479  15.500 -15.970  23.198  14.731
 -14.760  21.429  14.860 -14.254  20.876  15.651 -15.488  20.411  13.971 -16.055
  20.922  13.194 -14.762  19.745  13.507 -16.165  19.801  14.569 -13.706  22.120
  13.986 -13.160  22.862  14.566 -12.995  21.379  13.627 -14.178  22.610  13.134
 -16.996  21.856  16.001 -18.028  22.050  15.365 -16.997  21.183  17.156 -16.114
  21.027  17.633 -18.204  20.572  17.731 -18.645  19.916  16.981 -17.860  19.707
  18.949 -17.266  20.286  19.658 -18.784  19.394  19.437 -17.143  18.550  18.550
 -17.015  17.999  19.336 -19.275  21.600  18.110 -20.451  21.365  17.824 -18.907
  22.764  18.675 -17.924  22.897  18.907 -19.871  23.848  18.971 -20.667  23.450
  19.603 -19.196  25.018  19.710 -18.277  25.305  19.194 -19.877  25.869  19.686
 -18.891  24.715  21.184 -19.781  24.308  21.666 -18.090  23.981  21.253 -18.474
  26.007  21.903 -17.654  26.465  21.346 -19.308  26.711  21.910 -18.012  25.757
  23.279 -17.003  25.715  23.415 -18.731  25.596  24.375 -20.033  25.586  24.371
 -20.531  25.687  23.505 -20.534  25.431  25.229 -18.145  25.432  25.523 -17.128
  25.464  25.584 -18.694  25.309  26.357 -20.569  24.375  17.713 -21.746  24.726
  17.780 -19.872  24.405  16.574 -18.895  24.136  16.613 -20.434  24.846  15.287
 -21.142  25.654  15.477 -19.318  25.420  14.381 -18.559  24.648  14.239 -19.892
  25.805  13.003 -20.737  26.482  13.125 -19.141  26.296  12.391 -20.229  24.917
  12.468 -18.653  26.648  15.049 -19.340  27.492  15.025 -18.436  26.431  16.093
 -17.318  27.054  14.418 -17.471  27.423  13.408 -16.864  27.846  15.014 -16.646
  26.195  14.398 -21.234  23.714  14.619 -22.361  23.932  14.178 -20.696  22.487
  14.597 -19.760  22.384  14.980 -21.320  21.291  13.998 -21.590  21.524  12.966
 -20.270  20.163  13.984 -19.358  20.545  13.522 -20.037  19.874  15.011 -20.714
  18.919  13.200 -21.576  18.463  13.689 -20.993  19.212  12.186 -19.583  17.885
  13.132 -18.719  18.338  12.641 -19.302  17.603  14.149 -19.999  16.681  12.384
 -20.929  16.674  11.994 -19.277  15.596  12.167 -18.059  15.461  12.608 -17.638
  16.205  13.137 -17.544  14.616  12.419 -19.774  14.605  11.488 -20.714  14.662
  11.125 -19.221  13.779  11.324 -22.622  20.871  14.698 -23.500  20.297  14.054
 -22.780  21.196  15.983 -21.983  21.579  16.476 -24.010  20.970  16.747 -24.335
  19.942  16.577 -23.677  21.116  18.238 -23.323  22.127  18.446 -24.568  20.920
  18.835 -22.906  20.397  18.518 -25.192  21.884  16.343 -26.330  21.605  16.732
 -24.965  22.956  15.572 -24.024  23.143  15.251 -26.031  23.834  15.083 -26.719
  24.031  15.909 -25.421  25.176  14.662 -24.737  25.029  13.825 -26.213  25.857
  14.350 -24.878  25.619  15.497 -26.834  23.177  13.940 -26.257  22.595  13.017
 -28.169  23.284  13.985 -28.582  23.753  14.778 -29.064  22.654  12.997 -28.614
  21.717  12.666 -30.420  22.317  13.653 -30.892  23.247  13.974 -31.062  21.867
  12.894 -30.352  21.359  14.860 -29.742  21.803  15.647 -31.760  21.140  15.417
 -32.394  20.677  14.661 -31.713  20.494  16.293 -32.191  22.097  15.712 -29.769
  19.991  14.497 -28.723  20.096  14.212 -29.819  19.329  15.362 -30.330  19.550
  13.674 -29.255  23.501  11.725 -29.354  22.943  10.631 -29.279  24.834  11.855
 -29.181  25.206  12.788 -29.369  25.784  10.737 -29.019  25.296   9.824 -30.836
  26.210  10.512 -31.282  26.527  11.455 -30.861  27.061   9.831 -31.687  25.119
   9.883 -31.440  24.672   8.771 -32.729  24.671  10.546 -33.298  23.958  10.115
 -32.960  25.047  11.453 -28.444  26.996  10.942 -27.448  27.131  10.228 -28.740
  27.868  11.911 -29.551  27.697  12.487 -28.004  29.114  12.139 -27.478  29.368
  11.223 -29.005  30.247  12.393 -29.562  30.057  13.312 -28.471  31.193  12.490
 -29.701  30.322  11.556 -26.948  29.005  13.258 -27.175  28.345  14.276 -25.815
  29.693  13.087 -25.707  30.211  12.217 -24.723  29.816  14.069 -25.124  29.573
  15.053 -23.591  28.804  13.776 -24.037  27.810  13.725 -22.861  29.059  12.451
 -22.287  29.984  12.499 -22.184  28.232  12.237 -23.585  29.128  11.642 -22.531
  28.776  14.885 -23.004  28.563  15.841 -21.807  27.989  14.679 -22.006  29.730
  14.946 -24.214  31.260  14.128 -24.035  31.909  13.094 -23.960  31.765  15.340
 -24.115  31.157  16.141 -23.347  33.081  15.591 -23.375  33.675  14.677 -24.130
  33.839  16.675 -24.208  33.206  17.557 -23.578  34.741  16.947 -25.536  34.254
  16.206 -25.434  34.972  15.392 -26.078  33.386  15.829 -26.358  34.899  17.332
 -25.794  35.727  17.764 -27.266  35.318  16.892 -26.750  33.914  18.363 -27.459
  33.245  18.103 -26.290  33.796  19.597 -25.400  34.599  20.105 -25.104  35.402
  19.580 -25.156  34.520  21.077 -26.719  32.835  20.358 -27.438  32.213  20.025
 -26.343  32.715  21.285 -21.879  32.913  15.973 -21.543  32.010  16.738 -21.015
  33.783  15.458 -21.385  34.521  14.866 -19.565  33.752  15.663 -19.324  33.099
  16.502 -18.865  33.213  14.395 -19.072  33.905  13.578 -17.787  33.217  14.565
 -19.289  31.801  13.944 -20.371  31.758  13.823 -18.655  31.468  12.596 -17.568
  31.440  12.682 -19.024  30.504  12.249 -18.936  32.225  11.869 -18.853  30.722
  14.931 -19.332  30.892  15.893 -19.159  29.746  14.560 -17.771  30.743  15.058
 -19.057  35.158  15.995 -19.314  36.097  15.241 -18.309  35.303  17.090 -18.108
  34.472  17.640 -17.560  36.525  17.399 -17.952  37.341  16.794 -17.744  36.897
  18.882 -18.791  36.777  19.165 -17.151  36.204  19.475 -17.302  38.333  19.214
 -16.373  38.557  18.693 -18.366  39.353  18.811 -19.281  39.186  19.380 -18.005
  40.363  19.002 -18.586  39.257  17.753 -17.064  38.491  20.715 -16.246  37.845
  21.025 -16.800  39.521  20.948 -17.966  38.221  21.264 -16.092  36.313  17.014
 -15.502  35.302  17.402 -15.511  37.237  16.249 -16.061  38.049  15.980 -14.193
  37.085  15.610 -13.656  36.299  16.134 -14.330  36.649  14.132 -13.329  36.567
  13.708 -14.987  35.269  13.997 -16.030  35.311  14.312 -14.941  34.942  12.960
 -14.452  34.551  14.614 -15.117  37.649  13.274 -14.657  38.634  13.326 -15.114
  37.321  12.235 -16.149  37.717  13.618 -13.326  38.346  15.715 -13.825  39.442
  15.970 -12.017  38.196  15.502 -11.686  37.251  15.323 -11.018  39.280  15.424
 -11.535  40.236  15.340 -10.166  39.320  16.715  -9.904  38.300  16.997  -8.863
  40.121  16.597  -9.075  41.138  16.269  -8.360  40.156  17.564  -8.190  39.642
  15.887 -10.965  39.949  17.863 -11.913  39.428  17.988 -10.402  39.873  18.793
 -11.161  40.999  17.649 -10.170  39.118  14.155  -9.782  38.003  13.798  -9.884
  40.226  13.467 -10.179  41.114  13.845  -9.111  40.243  12.214  -9.396  39.364
  11.635  -9.455  41.488  11.367  -9.071  42.368  11.882  -8.916  41.419  10.421
 -10.941  41.732  11.048 -11.803  40.836  11.207 -11.262  42.852  10.590  -7.584
  40.183  12.476  -7.118  40.709  13.494  -6.774  39.590  11.575  -7.181  38.884
  10.366  -7.874  39.473   9.766  -7.637  37.934  10.644  -5.899  38.624   9.576
  -5.691  39.472   8.922  -5.959  37.701   8.997  -4.833  38.540  10.668  -3.839
  38.778  10.284  -4.837  37.541  11.106  -5.316  39.557  11.708  -5.048  39.194
  12.702  -4.676  40.940  11.500  -5.125  41.740  10.675  -3.587  41.210  12.223
  -3.260  40.507  12.872  -2.778  42.433  12.118  -2.822  42.803  11.092  -3.365
  43.519  13.046  -4.393  43.711  12.737  -3.381  43.147  14.072  -2.579  44.841
  13.014  -1.584  44.675  13.432  -2.463  45.157  11.975  -3.275  45.963  13.801
  -4.459  46.269  13.535  -2.627  46.569  14.686  -1.301  42.137  12.447  -1.005
  41.300  13.305  -0.370  42.831  11.784  -0.669  43.513  11.100   1.076  42.771
  12.062   1.214  42.521  13.115   1.757  41.656  11.243   1.266  40.710  11.473
   1.720  41.867   9.727   2.251  42.780   9.455   2.191  41.020   9.228   0.687
  41.936   9.387   3.118  41.550  11.606   3.410  40.667  11.338   1.746  44.131
  11.835   1.258  44.955  11.057   2.874  44.366  12.509   3.222  43.622  13.098
   3.722  45.559  12.342   3.103  46.384  11.986   4.301  45.975  13.707   4.984
  45.194  14.048   4.880  46.891  13.579   3.239  46.225  14.787   2.135  46.736
  14.488   3.496  45.918  15.973   4.838  45.364  11.292   5.556  46.310  10.962
   4.996  44.149  10.754   4.355  43.420  11.043   5.967  43.816   9.702   6.885
  44.376   9.892   6.309  42.317   9.804   6.649  42.117  10.822   5.407  41.730
   9.622   7.409  41.866   8.829   7.014  41.886   7.812   8.235  42.580   8.886
   7.938  40.452   9.129   7.162  39.563   9.555   9.150  40.199   8.923   5.461
  44.216   8.298   4.259  44.168   8.022   6.368  44.599   7.391   7.343  44.614
   7.654   6.025  44.948   6.006   5.159  45.612   6.037   7.189  45.732   5.367
   7.395  46.616   5.973   8.083  45.106   5.375   6.931  46.180   3.915   7.810
  46.715   3.554   6.803  45.306   3.278   5.724  47.108   3.778   5.632  48.152
   4.411   4.748  46.775   2.964   3.971  47.411   2.862   4.787  45.904   2.427
   5.636  43.706   5.179   6.330  42.684   5.212   4.552  43.820   4.400   4.058
  44.700   4.423   4.057  42.806   3.451   4.499  41.841   3.702   2.520  42.676
   3.593   2.063  43.620   3.291   2.175  41.910   2.896   1.994  42.316   4.997
   2.278  43.091   5.708   0.470  42.236   4.957   0.152  41.455   4.266   0.088
  42.014   5.953   0.061  43.193   4.633   2.530  40.970   5.484   3.609  41.031
   5.615   2.082  40.723   6.445   2.294  40.189   4.762   4.504  43.094   2.010
   4.747  42.126   1.259   4.609  44.283   1.637   0.100  19.089  11.225   0.041
  18.749  10.277   0.025  18.294  11.841   1.001  19.520  11.365  -1.004  20.051
  11.488  -0.949  20.366  12.533  -0.900  21.310  10.602  -0.910  21.010   9.552
  -1.773  21.939  10.787   0.362  22.141  10.890   0.402  22.350  11.962   1.246
  21.556  10.627   0.399  23.469  10.115  -0.125  23.551   8.980   0.987  24.450
  10.629  -2.367  19.376  11.290  -2.460  18.370  10.583  -3.426  19.914  11.910
  -3.291  20.758  12.452  -4.813  19.412  11.819  -4.868  18.644  11.045  -5.251
  18.758  13.159  -5.082  19.482  13.960  -6.753  18.401  13.163  -6.974  17.686
  12.369  -7.040  17.968  14.120  -7.362  19.294  13.032  -4.402  17.497  13.456
  -4.590  16.743  12.690  -3.345  17.759  13.414  -4.640  16.872  14.838  -5.629
  16.417  14.889  -3.897  16.093  15.012  -4.544  17.632  15.613  -5.751  20.554
  11.390  -5.631  21.681  11.879  -6.698  20.262  10.492  -6.735  19.322  10.122
  -7.767  21.180  10.074  -8.027  21.807  10.927  -7.266  22.086   8.944  -6.371
  22.614   9.275  -7.010  21.476   8.075  -8.256  23.030   8.578  -8.511  23.514
   9.392  -9.030  20.421   9.642  -8.941  19.288   9.162 -10.205  21.037   9.824
 -10.180  22.000  10.133 -11.532  20.483   9.481 -11.409  19.705   8.726 -12.207
  19.841  10.719 -12.184  20.561  11.537 -13.673  19.447  10.489 -13.760  18.808
   9.610 -14.055  18.907  11.355 -14.287  20.338  10.359 -11.474  18.570  11.174
 -10.433  18.782  11.408 -11.951  18.163  12.066 -11.508  17.820  10.382 -12.420
  21.577   8.876 -12.430  22.709   9.371 -13.170  21.228   7.824 -13.090  20.280
   7.488 -14.178  22.074   7.173 -13.874  23.116   7.239 -14.237  21.818   6.116
 -15.580  21.927   7.778 -15.961  20.845   8.235 -16.350  23.021   7.772 -15.934
  23.868   7.395 -17.650  23.178   8.448 -17.842  22.294   9.055 -17.538  24.394
   9.398 -17.227  25.259   8.811 -18.518  24.619   9.817 -16.542  24.197  10.556
 -15.612  23.757  10.197 -16.208  25.546  11.173 -17.119  26.057  11.466 -15.570
  25.407  12.042 -15.678  26.153  10.438 -17.134  23.295  11.638 -17.286  22.293
  11.239 -16.447  23.233  12.478 -18.086  23.693  11.982 -18.841  23.269   7.479
 -18.736  23.922   6.419 -19.901  22.693   7.805
  -5.128  46.738  20.141  -5.369  47.711  20.267  -4.191  46.606  20.493  -5.759
  46.185  20.703  -5.216  46.366  18.702  -4.518  47.001  18.151  -4.831  44.889
  18.422  -5.397  44.239  19.092  -5.122  44.631  17.400  -3.332  44.562  18.583
  -2.975  44.925  19.548  -3.216  43.476  18.571  -2.462  45.144  17.457  -2.764
  44.691  16.510  -2.614  46.223  17.398  -1.031  44.875  17.685  -0.783  44.314
  18.486  -0.019  45.316  16.962  -0.176  46.032  15.889  -1.109  46.251  15.548
   0.641  46.333  15.361   1.195  45.035  17.325   1.363  44.489  18.154   1.982
  45.395  16.789  -6.593  46.731  18.136  -6.721  47.797  17.531  -7.628  45.900
  18.332  -7.484  45.045  18.854  -9.006  46.155  17.873  -9.198  47.229  17.907
  -9.169  45.688  16.411 -10.128  46.044  16.032  -8.387  46.148  15.805  -9.119
  44.162  16.233  -8.194  43.777  16.661  -9.953  43.719  16.778  -9.233  43.596
  14.513  -7.573  44.031  13.917  -6.820  43.524  14.522  -7.462  43.716  12.879
  -7.422  45.108  13.977 -10.044  45.472  18.782  -9.712  44.535  19.513 -11.305
  45.908  18.706 -11.509  46.666  18.070 -12.444  45.224  19.335 -12.093  44.780
  20.263 -13.553  46.239  19.683 -13.898  46.701  18.757 -14.396  45.695  20.113
 -13.145  47.355  20.665 -12.310  47.921  20.252 -14.319  48.313  20.864 -15.169
  47.783  21.295 -14.024  49.124  21.530 -14.611  48.740  19.904 -12.741  46.809
  22.037 -11.834  46.212  21.950 -12.538  47.637  22.716 -13.544  46.196  22.448
 -12.989  44.094  18.428 -12.904  44.218  17.200 -13.574  43.011  18.984 -13.576
  42.643  20.396 -14.434  43.100  20.891 -12.653  42.924  20.901 -13.708  41.123
  20.417 -14.172  40.769  21.339 -12.727  40.666  20.279 -14.584  40.850  19.198
 -15.630  40.988  19.473 -14.417  39.847  18.804 -14.165  41.927  18.193 -13.387
  41.517  17.549 -15.349  42.354  17.308 -16.019  43.360  17.564 -15.627  41.545
  16.282 -15.030  40.727  16.177 -16.695  41.698  15.279 -17.285  42.587  15.506
 -16.017  41.890  13.909 -15.409  42.796  13.958 -15.349  41.046  13.724 -16.988
  42.017  12.724 -17.448  41.048  12.520 -17.774  42.729  12.981 -16.281  42.521
  11.456 -17.023  42.640  10.665 -15.867  43.511  11.659 -15.187  41.630  11.010
 -14.299  41.713  11.484 -15.196  40.780   9.999 -16.242  40.563   9.258 -17.104
  41.039   9.456 -16.167  39.923   8.478 -14.121  40.122   9.697 -13.270  40.281
  10.234 -14.125  39.491   8.914 -17.634  40.487  15.319 -17.172  39.363  15.502
 -18.942  40.707  15.166 -19.248  41.652  14.993 -19.971  39.659  15.245 -19.521
  38.767  15.682 -21.092  40.125  16.197 -20.654  40.393  17.159 -21.540  41.027
  15.776 -22.217  39.097  16.437 -22.653  38.800  15.483 -21.721  37.847  17.167
 -21.258  38.123  18.114 -22.559  37.178  17.359 -20.998  37.315  16.554 -23.318
  39.729  17.287 -23.717  40.607  16.778 -24.128  39.015  17.432 -22.920  40.026
  18.258 -20.497  39.263  13.857 -20.866  40.124  13.054 -20.576  37.957  13.607
 -20.220  37.318  14.312 -21.048  37.340  12.366 -21.470  38.104  11.711 -19.847
  36.692  11.655 -19.401  35.944  12.314 -20.183  36.197  10.743 -18.593  37.939
  11.228 -17.724  37.105  10.644 -22.149  36.300  12.650 -22.134  35.638  13.691
 -23.079  36.111  11.710 -23.054  36.689  10.882 -24.116  35.073  11.766 -23.834
  34.323  12.505 -25.437  35.706  12.224 -25.281  36.233  13.167 -25.777  36.423
  11.473 -26.698  34.417  12.454 -27.716  35.230  12.730 -24.236  34.359  10.409
 -24.321  35.012   9.364 -24.195  33.025  10.424 -24.173  32.566  11.332 -24.154
  32.150   9.248 -24.230  32.741   8.333 -22.838  31.342   9.222 -22.777  30.765
  10.143 -22.933  30.631   8.403 -21.494  32.069   9.021 -21.530  32.650   8.102
 -21.068  32.979  10.176 -21.176  32.456  11.126 -20.036  33.294  10.039 -21.675
  33.878  10.179 -20.412  30.996   8.877 -20.603  30.403   7.984 -19.433  31.458
   8.779 -20.407  30.347   9.753 -25.330  31.163   9.295 -25.626  30.619  10.357
 -25.943  30.849   8.152 -25.665  31.325   7.306 -26.978  29.808   8.032 -27.089
  29.316   8.996 -28.339  30.446   7.714 -28.544  31.210   8.466 -28.296  30.920
   6.733 -29.479  29.414   7.742 -29.346  28.709   6.920 -29.415  28.855   8.679
 -30.874  30.055   7.630 -31.032  31.120   6.989 -31.848  29.479   8.169 -26.570
  28.720   7.024 -26.067  29.019   5.940 -26.758  27.449   7.400 -27.199  27.291
   8.300 -26.218  26.268   6.711 -25.139  26.397   6.611 -26.475  25.042   7.607
 -26.110  25.259   8.612 -27.550  24.861   7.670 -25.775  23.767   7.115 -26.150
  23.506   6.126 -24.702  23.951   7.056 -26.041  22.597   8.074 -25.646  22.844
   9.063 -27.118  22.437   8.154 -25.372  21.314   7.561 -25.747  21.098   6.555
 -24.293  21.479   7.489 -25.643  20.158   8.452 -26.631  19.968   8.519 -25.199
  19.322   8.103 -25.292  20.319   9.384 -26.803  26.093   5.302 -28.024  26.030
   5.136 -25.929  25.981   4.302 -24.943  26.016   4.537 -26.268  25.638   2.916
 -27.303  25.905   2.701 -25.628  26.216   2.249 -26.072  24.144   2.602 -25.668
  23.373   3.481 -26.294  23.711   1.346 -26.730  24.527   0.219 -26.175  25.463
   0.155 -27.799  24.728   0.309 -26.467  23.681  -1.026 -25.439  23.829  -1.363
 -27.171  23.909  -1.827 -26.639  22.253  -0.506 -26.107  21.531  -1.126 -27.702
  22.009  -0.473 -26.088  22.319   0.923 -26.671  21.651   1.559 -24.613  21.872
   0.992 -24.333  20.673   1.042 -23.676  22.825   1.037 -23.982  23.785   0.952
 -22.234  22.630   1.224 -22.013  21.569   1.095 -21.479  23.389   0.110 -20.418
  23.153   0.186 -21.820  23.035  -0.863 -21.641  24.904   0.143 -22.599  25.459
   0.667 -20.717  25.632  -0.439 -20.833  26.632  -0.451 -19.926  25.189  -0.883
 -21.744  22.981   2.653 -20.550  23.211   2.855 -22.642  23.035   3.647 -23.617
  22.876   3.423 -22.317  23.379   5.038 -23.070  22.956   5.701 -21.357  22.937
   5.305 -22.254  24.891   5.283 -23.104  25.636   4.790 -21.260  25.351   6.048
 -20.615  24.673   6.449 -20.965  26.779   6.250 -21.846  27.362   5.985 -20.674
  27.041   7.733 -19.828  26.427   8.043 -20.376  28.083   7.843 -21.851  26.797
   8.662 -22.989  27.624   8.577 -23.025  28.416   7.843 -24.080  27.420   9.442
 -24.940  28.067   9.396 -24.045  26.376  10.389 -25.117  26.161  11.193 -25.919
  26.564  10.826 -22.905  25.551  10.481 -22.883  24.756  11.213 -21.811  25.761
   9.618 -20.943  25.118   9.684 -19.832  27.304   5.348 -19.724  28.515   5.151
 -19.015  26.412   4.779 -19.096  25.444   5.080 -18.016  26.714   3.748 -17.607
  25.770   3.390 -18.486  27.200   2.901 -16.841  27.558   4.242 -16.446  28.533
   3.596 -16.286  27.173   5.390 -16.693  26.375   5.859 -14.987  27.622   5.892
 -14.357  27.855   5.035 -15.130  28.899   6.733 -14.132  29.317   6.862 -15.697
  29.630   6.161 -15.755  28.755   8.110 -14.963  28.943   9.260 -13.904  29.132
   9.165 -15.549  28.909  10.537 -14.943  29.074  11.415 -16.927  28.672  10.671
 -17.379  28.656  11.651 -17.717  28.454   9.531 -18.776  28.268   9.640 -17.133
  28.497   8.252 -17.749  28.352   7.376 -14.290  26.500   6.673 -14.922  25.518
   7.063 -12.982  26.638   6.883 -12.541  27.488   6.546 -12.127  25.656   7.558
 -12.730  24.814   7.890 -11.047  25.131   6.595 -10.460  25.974   6.235 -10.376
  24.479   7.157 -11.554  24.357   5.401 -11.270  23.012   5.138 -11.901  22.720
   3.986 -11.898  21.748   3.505 -12.537  23.805   3.513 -13.105  23.832   2.660
 -12.317  24.850   4.381 -12.676  25.864   4.277 -11.473  26.268   8.793 -11.048
  27.422   8.748 -11.332  25.489   9.867 -11.678  24.536   9.807 -10.586  25.870
  11.072 -10.353  26.931  11.020 -11.433  25.628  12.336 -11.770  24.590  12.332
 -10.795  25.764  13.210 -12.659  26.542  12.497 -13.327  26.416  11.646 -13.402
  26.155  13.775 -12.753  26.293  14.640 -14.289  26.777  13.883 -13.707  25.110
  13.725 -12.279  28.018  12.620 -11.863  28.366  11.678 -13.161  28.612  12.845
 -11.542  28.152  13.412  -9.241  25.139  11.175  -9.122  23.991  10.740  -8.258
  25.794  11.799  -8.455  26.742  12.112  -6.985  25.208  12.248  -7.174  24.170
  12.527  -5.947  25.193  11.103  -5.112  24.567  11.418  -6.396  24.699  10.240
  -5.365  26.514  10.633  -4.245  26.626   9.799  -4.066  27.941   9.584  -3.274
  28.370   8.979  -5.013  28.651  10.217  -5.091  29.663  10.204  -5.841  27.771
  10.880  -6.703  28.023  11.477  -6.434  25.913  13.506  -6.872  27.011  13.865
  -5.459  25.284  14.169  -5.156  24.386  13.821  -4.681  25.880  15.265  -5.325
  26.521  15.869  -4.307  25.086  15.911  -3.481  26.712  14.784  -3.183  26.775
  13.590  -2.761  27.334  15.721  -3.033  27.219  16.688  -1.525  28.093  15.462
  -1.090  27.741  14.525  -1.867  29.586  15.279  -2.577  29.673  14.455  -2.348
  29.962  16.182  -0.635  30.453  14.967   0.003  30.505  15.851  -0.061  29.973
  14.171  -1.008  31.873  14.514  -1.646  32.031  13.449  -0.614  32.851  15.189
  -0.472  27.847  16.564  -0.816  27.649  17.735   0.818  27.849  16.193   1.025
  28.043  15.222   1.950  27.478  17.063   1.821  26.431  17.348   3.260  27.589
  16.258   3.157  27.012  15.337   3.434  28.633  15.990   4.479  27.056  17.030
   4.627  27.647  17.935   4.300  26.017  17.312   5.751  27.133  16.174   5.615
  26.535  15.271   5.931  28.172  15.888   6.956  26.603  16.962   7.070  27.196
  17.874   6.757  25.569  17.258   8.205  26.665  16.165   8.421  27.612  15.894
   8.988  26.314  16.694   8.133  26.111  15.326   1.995  28.311  18.353   2.126
  29.536  18.312   1.898  27.635  19.499   1.792  26.633  19.443   1.948  28.239
  20.837   2.090  27.444  21.569   2.810  28.904  20.894   0.705  29.040  21.260
   0.742  29.685  22.311  -0.386  29.027  20.478  -0.366  28.453  19.641  -1.630
  29.771  20.763  -1.404  30.574  21.467  -2.182  30.412  19.472  -2.578  29.620
  18.833  -3.015  31.066  19.736  -1.171  31.224  18.639  -0.412  30.548  18.247
  -1.703  31.650  17.787  -0.478  32.367  19.396  -1.230  33.069  19.762   0.082
  31.966  20.243   0.491  33.090  18.449   1.236  32.371  18.093  -0.066  33.449
  17.577   1.171  34.228  19.115   1.711  33.923  19.910   1.805  34.690  18.480
   0.508  34.919  19.434  -2.688  28.884  21.435  -2.722  27.672  21.205  -3.569
  29.489  22.241  -3.456  30.478  22.404  -4.666  28.787  22.937  -4.411  27.729
  23.019  -4.816  29.336  24.371  -5.126  30.381  24.313  -5.615  28.783  24.863
  -3.560  29.247  25.262  -2.753  29.829  24.818  -3.870  29.832  26.641  -4.651
  29.249  27.129  -2.971  29.816  27.257  -4.201  30.866  26.535  -3.081  27.807
  25.459  -2.748  27.391  24.508  -2.238  27.792  26.150  -3.887  27.194  25.861
  -6.011  28.831  22.179  -6.826  27.921  22.343  -6.236  29.856  21.347  -5.518
  30.557  21.269  -7.436  30.020  20.511  -8.301  29.601  21.030  -7.628  31.084
  20.364  -7.333  29.358  19.129  -6.262  28.900  18.723  -8.453  29.329  18.396
  -9.273  29.784  18.769  -8.578  28.708  17.067  -7.639  28.210  16.822  -9.680
  27.627  17.076 -10.653  28.115  17.149  -9.649  27.092  16.126  -9.569  26.602
  18.224  -9.793  27.104  19.166 -10.328  25.834  18.086  -8.203  25.920  18.339
  -7.508  25.659  17.367  -7.771  25.591  19.535  -6.844  25.208  19.615  -8.337
  25.803  20.355  -8.816  29.753  15.961  -9.392  30.817  16.209  -8.376  29.446
  14.737  -7.951  28.536  14.584  -8.319  30.385  13.609  -8.873  31.288  13.861
  -6.856  30.779  13.345  -6.284  29.878  13.119  -6.821  31.412  12.457  -6.167
  31.515  14.481  -5.600  30.797  15.554  -5.654  29.717  15.569  -4.977  31.481
  16.616  -4.568  30.923  17.445  -4.890  32.890  16.589  -4.303  33.570  17.611
  -3.957  32.980  18.287  -5.427  33.605  15.499  -5.338  34.681  15.475  -6.078
  32.920  14.455  -6.506  33.475  13.629  -8.944  29.799  12.336  -8.988  28.581
  12.156  -9.387  30.661  11.418  -9.335  31.653  11.636  -9.879  30.263  10.093
 -10.412  29.320  10.200 -10.892  31.293   9.536 -10.397  32.262   9.459 -11.364
  30.882   8.128 -11.869  29.916   8.160 -12.047  31.632   7.734 -10.526  30.826
   7.437 -12.087  31.434  10.511 -12.490  30.446  10.733 -11.721  31.866  11.442
 -13.242  32.316  10.025 -13.788  31.818   9.224 -13.928  32.495  10.853 -12.861
  33.271   9.667  -8.698  30.020   9.142  -7.874  30.909   8.925  -8.634  28.829
   8.538  -9.368  28.164   8.766  -7.626  28.446   7.532  -6.676  28.921   7.784
  -7.436  26.918   7.568  -7.269  26.598   8.596  -8.346  26.436   7.211  -6.241
  26.467   6.707  -6.348  26.842   5.690  -5.327  26.887   7.126  -6.097  24.941
   6.647  -5.147  24.693   6.170  -6.068  24.548   7.665  -7.204  24.301   5.905
  -7.847  23.745   6.455  -7.354  24.223   4.594  -6.491  24.724   3.758  -5.652
  25.154   4.107  -6.623  24.610   2.768  -8.386  23.628   4.076  -9.126  23.261
   4.658  -8.455  23.540   3.078  -7.998  28.913   6.122  -7.131  29.364   5.374
  -9.275  28.775   5.763  -9.921  28.441   6.464  -9.811  28.991   4.416  -9.279
  29.819   3.945  -9.575  27.700   3.596  -8.502  27.507   3.548 -10.033  26.871
   4.135 -10.138  27.687   2.161 -11.211  27.873   2.184  -9.464  28.729   1.266
  -8.389  28.551   1.230  -9.871  28.661   0.257  -9.648  29.734   1.640  -9.918
  26.311   1.533 -10.411  25.549   2.135 -10.346  26.292   0.531  -8.851  26.092
   1.473 -11.304  29.344   4.488 -12.013  28.821   5.346 -11.788  30.171   3.560
 -11.147  30.557   2.882 -13.221  30.412   3.316 -13.809  29.707   3.902 -13.645
  31.830   3.744 -13.116  32.566   3.137 -15.151  32.034   3.562 -15.695  31.288
   4.136 -15.434  33.031   3.900 -15.419  31.939   2.511 -13.319  32.093   5.218
 -12.241  32.074   5.372 -13.692  33.070   5.512 -13.787  31.337   5.845 -13.521
  30.148   1.838 -12.781  30.600   0.962 -14.575  29.383   1.556 -15.178  29.087
   2.316 -14.884  28.875   0.212 -13.936  28.742  -0.304 -15.535  27.484   0.313
 -16.499  27.566   0.818 -15.702  27.114  -0.700 -14.645  26.479   1.071 -13.630
  26.547   0.671 -14.606  26.756   2.128 -15.117  25.019   0.961 -16.255  24.746
   0.516 -14.336  24.113   1.333 -15.750  29.855  -0.618 -16.569  30.578  -0.040
 -15.619  29.894  -1.963 -14.659  29.157  -2.779 -15.063  28.171  -3.014 -13.686
  29.062  -2.299 -14.498  29.970  -4.062 -14.218  29.342  -4.908 -13.762  30.760
  -3.907 -15.883  30.585  -4.244 -16.540  29.852  -4.717 -15.844  31.500  -4.837
 -16.333  30.862  -2.803 -15.994  31.860  -2.525 -17.862  30.794  -2.664 -18.473
  29.736  -2.839 -18.487  31.937  -2.372 -17.916  32.763  -2.211 -19.941  32.091
  -2.244 -20.166  33.155  -2.174 -20.421  31.700  -3.141 -20.571  31.403  -1.024
 -21.792  31.225  -1.002 -19.778  30.986  -0.031 -18.781  31.161  -0.086 -20.278
  30.274   1.152 -20.951  29.492   0.804 -19.121  29.592   1.885 -19.546  28.903
   2.609 -18.522  29.025   1.172 -18.298  30.507   2.580 -17.516  30.010   2.872
 -21.046  31.173   2.132 -20.880  32.396   2.110 -21.836  30.596   3.061 -22.338
  29.228   3.055 -21.565  28.541   3.393 -22.695  28.937   2.067 -23.499  29.221
   4.046 -23.638  28.242   4.504 -24.412  29.545   3.544 -23.070  30.272   5.068
 -22.350  29.831   5.760 -23.920  30.685   5.611 -22.391  31.332   4.198 -23.145
  32.028   3.828 -21.340  32.114   4.997 -21.618  33.225   5.439 -20.123  31.581
   5.142 -19.949  30.650   4.780 -19.014  32.278   5.789 -19.360  32.673   6.744
 -17.918  31.250   6.068 -17.650  30.728   5.151 -17.035  31.742   6.474 -18.287
  30.522   6.787 -18.496  33.482   4.979 -18.241  34.537   5.564 -18.396  33.380
   3.648 -18.605  32.490   3.203 -18.026  34.524   2.801 -17.137  34.989   3.229
 -17.669  34.053   1.379 -16.909  33.276   1.448 -18.550  33.633   0.891 -17.113
  35.212   0.537 -17.930  35.888   0.272 -16.398  35.776   1.142 -16.412  34.730
  -0.741 -17.101  34.311  -1.698 -15.165  34.817  -0.825 -19.130  35.596   2.782
 -18.843  36.792   2.884 -20.401  35.173   2.740 -20.549  34.171   2.633 -21.588
  36.042   2.837 -21.509  36.838   2.095 -22.846  35.210   2.533 -22.842  34.312
   3.152 -23.733  35.794   2.783 -22.926  34.820   1.047 -23.096  35.721   0.455
 -21.986  34.372   0.725 -24.059  33.819   0.789 -23.856  32.899   1.343 -25.006
  34.243   1.131 -24.146  33.510  -0.711 -24.384  34.434  -1.247 -23.167  33.164
  -1.058 -25.171  32.480  -1.008 -26.085  32.766  -0.690 -25.235  32.312  -2.000
 -24.945  31.600  -0.569 -21.698  36.739   4.200 -22.154  37.882   4.263 -21.226
  36.099   5.272 -20.969  35.125   5.161 -21.091  36.687   6.606 -21.957  37.326
   6.788 -21.128  35.553   7.636 -20.267  34.897   7.502 -21.109  35.971   8.641
 -22.046  34.977   7.516 -19.838  37.579   6.778 -19.696  38.236   7.812 -18.939
  37.634   5.787 -19.100  37.072   4.960 -17.748  38.492   5.798 -17.436  38.651
   4.766 -18.001  39.463   6.223 -16.542  37.926   6.561 -15.739  38.701   7.088
 -16.412  36.597   6.652 -17.117  36.017   6.207 -15.222  35.919   7.185 -14.791
  36.529   7.978 -15.618  34.559   7.790 -16.046  33.943   7.000 -14.714  34.060
   8.140 -16.619  34.633   8.959 -17.532  35.133   8.639 -16.984  33.221   9.411
 -16.095  32.680   9.731 -17.685  33.274  10.240 -17.450  32.686   8.588 -16.044
  35.371  10.169 -15.886  36.420   9.922 -16.737  35.314  11.008 -15.092  34.926
  10.458 -14.133  35.753   6.109 -14.438  35.614   4.922 -12.864  35.726   6.532
 -12.694  35.864   7.526 -11.676  35.502   5.693 -11.976  35.010   4.767 -11.015
  36.858   5.348 -10.799  37.374   6.285 -10.059  36.674   4.856 -11.833  37.805
   4.448 -12.818  37.976   4.880 -11.121  39.155   4.345 -10.131  39.027   3.906
 -11.706  39.834   3.724 -11.020  39.593   5.338 -11.991  37.256   3.028 -12.561
  36.329   3.047 -12.533  37.976   2.415 -11.013  37.072   2.583 -10.661  34.569
   6.388 -10.735  34.321   7.593  -9.683  34.063   5.630  -9.649  34.311   4.653
  -8.556  33.308   6.182  -8.951  32.476   6.768  -7.734  32.723   5.027  -7.329
  33.528   4.410  -6.907  32.136   5.426  -8.361  32.078   4.411  -7.688  34.175
   7.120  -7.455  35.359   6.860  -7.194  33.578   8.207  -7.411  32.596   8.352
  -6.396  34.238   9.248  -5.743  33.494   9.704  -5.766  35.001   8.791  -7.206
  34.901  10.373  -6.609  35.364  11.346  -8.542  34.932  10.288  -8.984  34.539
   9.470  -9.408  35.438  11.366  -9.041  36.419  11.671 -10.863  35.611  10.886
 -11.219  34.642  10.534 -11.472  35.885  11.751 -11.097  36.669   9.786 -10.196
  37.490   9.494 -12.224  36.717   9.240  -9.363  34.526  12.607  -9.354  33.298
  12.493  -9.365  35.132  13.799  -9.422  36.148  13.798  -9.362  34.467  15.113
  -8.926  33.471  15.023  -8.495  35.315  16.061  -7.513  35.445  15.608  -8.944
  36.304  16.156  -8.319  34.716  17.465  -9.288  34.653  17.962  -7.893  33.715
  17.384  -7.385  35.606  18.300  -6.408  35.640  17.814  -7.777  36.625  18.321
  -7.213  35.094  19.675  -6.507  34.389  19.815  -7.857  35.475  20.767  -8.773
  36.397  20.781  -8.989  36.910  19.950  -9.213  36.610  21.671  -7.590  34.938
  21.917  -6.861  34.252  22.010  -8.108  35.270  22.722 -10.789  34.329  15.638
 -11.524  35.313  15.625 -11.177  33.157  16.144 -10.515  32.388  16.151 -12.469
  32.965  16.820 -13.195  33.656  16.389 -13.010  31.537  16.599 -12.190  30.818
  16.643 -13.689  31.310  17.422 -13.808  31.351  15.294 -14.616  32.083  15.267
 -12.961  31.511  14.031 -12.098  30.846  14.069 -13.563  31.277  13.154 -12.619
  32.541  13.940 -14.433  29.956  15.264 -15.067  29.816  16.141 -15.049  29.846
  14.371 -13.651  29.198  15.258 -12.365  33.318  18.313 -11.406  32.943  18.991
 -13.382  34.022  18.815 -14.110  34.304  18.166 -13.497  34.523  20.196 -12.602
  34.251  20.754 -13.614  36.064  20.211 -14.555  36.353  19.744 -13.599  36.628
  21.636 -12.657  36.381  22.121 -13.711  37.712  21.608 -14.418  36.215  22.223
 -12.475  36.740  19.437 -12.539  36.495  18.377 -12.553  37.821  19.543 -11.514
  36.407  19.827 -14.688  33.885  20.915 -14.542  33.413  22.042 -15.849  33.799
  20.256 -15.894  34.155  19.308 -17.050  33.129  20.782 -16.737  32.420  21.544
 -18.042  34.121  21.428 -18.505  34.718  20.643 -18.833  33.540  21.904 -17.438
  35.065  22.481 -16.882  34.474  23.207 -16.736  35.740  21.992 -18.490  35.900
  23.232 -19.608  36.131  22.717 -18.196  36.366  24.357 -17.796  32.339  19.696
 -17.786  32.723  18.524 -18.508  31.283  20.103 -18.462  31.041  21.092 -19.479
  30.540  19.279 -19.619  31.064  18.334 -18.991  29.112  18.957 -18.885  28.552
  19.887 -19.996  28.374  18.061 -20.169  28.936  17.143 -19.610  27.388  17.806
 -20.943  28.237  18.582 -17.631  29.103  18.245 -16.870  29.547  18.885 -17.340
  28.078  18.016 -17.686  29.676  17.322 -20.823  30.507  20.012 -20.884  30.101
  21.171 -21.899  30.963  19.363 -21.771  31.254  18.397 -23.249  31.107  19.936
 -23.804  31.747  19.251 -23.974  29.744  19.936 -23.410  29.041  20.550 -24.964
  29.852  20.378 -24.168  29.161  18.545 -24.366  29.864  17.562 -24.131  27.855
  18.417 -24.292  27.459  17.508 -23.989  27.268  19.223 -23.311  31.868  21.288
 -24.237  31.674  22.080 -22.342  32.753  21.549 -21.637  32.894  20.841 -22.205
  33.516  22.799 -21.750  34.479  22.566 -23.193  33.710  23.218 -21.354  32.853
  23.895 -21.179  33.444  24.961 -20.807  31.655  23.663 -20.980  31.205  22.770
 -19.859  30.982  24.566 -19.970  31.382  25.575 -20.147  29.469  24.621 -19.985
  29.043  23.630 -19.430  29.001  25.296 -21.571  29.097  25.075 -22.286  29.468
  24.337 -21.652  28.008  25.078 -21.951  29.621  26.472 -21.066  29.804  27.340
 -23.161  29.817  26.739 -18.410  31.239  24.124 -18.081  31.062  22.950 -17.533
  31.652  25.045 -17.845  31.753  25.999 -16.139  31.995  24.738 -16.139  32.605
  23.837 -15.570  32.856  25.882 -16.239  33.698  26.061 -15.523  32.263  26.796
 -14.173  33.388  25.592 -13.205  32.644  25.525 -14.021  34.681  25.426 -13.091
  35.039  25.211 -14.813  35.299  25.472 -15.287  30.749  24.423 -15.366  29.736
  25.125 -14.454  30.842  23.380 -14.438  31.724  22.873 -13.619  29.743  22.857
 -13.731  28.890  23.524 -14.106  29.268  21.473 -13.460  28.449  21.172 -15.537
  28.721  21.523 -16.247  29.524  21.717 -15.783  28.247  20.575 -15.616  27.978
  22.315 -14.033  30.337  20.377 -13.032  30.764  20.331 -14.263  29.882  19.413
 -14.756  31.123  20.575 -12.112  30.041  22.850 -11.332  29.252  22.321 -11.662
  31.140  23.465 -12.334  31.730  23.948 -10.263  31.610  23.402  -9.980  31.696
  22.352 -10.155  33.008  24.033 -10.497  32.966  25.068  -9.107  33.309  24.038
 -10.949  34.075  23.270 -10.634  34.076  22.224 -12.015  33.841  23.299 -10.700
  35.456  23.885 -11.462  35.868  24.790  -9.725  36.132  23.476  -9.224  30.668
  24.051  -8.022  30.858  23.854  -9.673  29.654  24.806 -10.672  29.607  24.945
  -8.841  28.583  25.392  -7.863  28.617  24.913  -8.632  28.834  26.901  -9.598
  28.815  27.408  -8.018  28.029  27.309  -7.924  30.166  27.203  -6.991  30.212
  26.639  -8.561  30.997  26.899  -7.614  30.304  28.701  -8.547  30.252  29.266
  -6.964  29.483  29.012  -6.919  31.644  28.979  -5.994  31.693  28.395  -7.571
  32.456  28.643  -6.611  31.814  30.420  -5.997  31.088  30.756  -6.156  32.698
  30.590  -7.450  31.795  30.980  -9.364  27.163  25.102  -8.932  26.206  25.746
 -10.299  27.006  24.162 -10.538  27.807  23.591 -10.866  25.702  23.770 -10.738
  24.999  24.595 -12.380  25.822  23.525 -12.579  26.590  22.776 -12.732  24.867
  23.139 -13.139  26.146  24.827 -12.679  25.587  25.646 -13.025  27.209  25.051
 -14.635  25.782  24.783 -15.228  25.633  23.693 -15.262  25.644  25.859 -10.135
  25.075  22.570  -9.510  25.775  21.768 -10.189  23.745  22.450 -10.770  23.221
  23.098  -9.466  22.988  21.410  -8.472  23.423  21.312  -9.264  21.507  21.787
  -8.554  21.074  21.082  -8.705  21.307  23.196  -9.433  21.617  23.945  -8.464
  20.255  23.347  -7.794  21.894  23.314 -10.468  20.779  21.689 -10.266  19.877
  21.971 -10.138  23.082  20.038 -11.324  23.399  19.925  -9.398  22.749  18.974
  -8.421  22.535  19.114  -9.929  22.679  17.604 -10.218  23.675  17.269  -8.824
  22.159  16.671  -8.024  22.898  16.619  -8.404  21.239  17.082  -9.309  21.875
  15.274  -9.582  22.834  14.297 -10.060  22.152  13.244 -10.393  22.601  12.318
 -10.096  20.836  13.512 -10.452  20.121  12.892  -9.633  20.641  14.791  -9.565
  19.703  15.328 -11.192  21.810  17.521 -12.211  22.253  16.993 -11.163  20.612
  18.116 -10.311  20.318  18.568 -12.320  19.715  18.139 -12.669  19.600  17.112
 -11.889  18.329  18.652 -11.095  17.946  18.009 -11.486  18.435  19.661 -13.027
  17.292  18.695 -12.626  16.356  19.083 -13.805  17.621  19.384 -13.639  17.016
  17.323 -13.134  16.225  16.537 -14.740  17.644  16.974 -15.143  17.433  16.076
 -15.163  18.329  17.597 -13.494  20.288  18.948 -14.639  20.120  18.535 -13.246
  20.992  20.057 -12.285  21.138  20.345 -14.309  21.636  20.840 -15.074  20.893
  21.071 -13.740  22.168  22.165 -12.832  22.732  21.955 -14.464  22.843  22.623
 -13.434  21.039  23.165 -14.379  20.621  23.516 -12.890  20.239  22.664 -12.608
  21.481  24.377 -12.037  22.563  24.448 -12.506  20.652  25.392 -11.961  20.941
  26.192 -12.960  19.750  25.367 -15.003  22.752  20.044 -16.234  22.802  20.005
 -14.240  23.604  19.348 -13.229  23.514  19.422 -14.799  24.682  18.509 -15.535
  25.225  19.102 -13.707  25.686  18.089 -12.931  25.174  17.520 -14.272  26.830
  17.239 -15.032  27.374  17.800 -13.468  27.514  16.968 -14.715  26.442  16.324
 -13.081  26.329  19.330 -12.492  25.601  19.883 -12.428  27.154  19.049 -13.875
  26.692  19.978 -15.550  24.118  17.300 -16.667  24.554  17.017 -14.995  23.094
  16.640 -14.063  22.792  16.911 -15.687  22.346  15.577 -15.953  23.041  14.781
 -14.763  21.264  14.982 -14.260  20.742  15.795 -15.496  20.211  14.138 -16.043
  20.689  13.325 -14.774  19.508  13.726 -16.191  19.644  14.757 -13.705  21.912
  14.079 -13.157  22.677  14.627 -12.996  21.152  13.754 -14.174  22.366  13.207
 -16.999  21.753  16.091 -18.027  21.943  15.446 -17.012  21.105  17.260 -16.133
  20.950  17.745 -18.229  20.518  17.841 -18.671  19.849  17.103 -17.901  19.681
  19.083 -17.309  20.274  19.782 -18.832  19.388  19.571 -17.190  18.509  18.720
 -17.072  17.979  19.521 -19.293  21.566  18.187 -20.469  21.339  17.893 -18.916
  22.736  18.733 -17.933  22.863  18.969 -19.868  23.837  19.000 -20.678  23.458
  19.626 -19.187  25.005  19.736 -18.263  25.279  19.223 -19.860  25.863  19.702
 -18.893  24.710  21.214 -19.793  24.325  21.696 -18.108  23.960  21.292 -18.452
  25.999  21.924 -17.628  26.441  21.360 -19.275  26.716  21.932 -17.985  25.751
  23.300 -16.976  25.713  23.434 -18.700  25.590  24.398 -20.002  25.575  24.398
 -20.504  25.672  23.534 -20.500  25.420  25.259 -18.111  25.433  25.545 -17.094
  25.469  25.605 -18.657  25.310  26.381 -20.544  24.356  17.726 -21.713  24.735
  17.777 -19.839  24.347  16.591 -18.868  24.059  16.643 -20.379  24.776  15.290
 -21.077  25.598  15.459 -19.245  25.319  14.388 -18.493  24.536  14.269 -19.794
  25.687  12.995 -20.633  26.376  13.092 -19.028  26.159  12.387 -20.131  24.794
  12.470 -18.574  26.552  15.044 -19.247  27.407  14.984 -18.385  26.357  16.097
 -17.219  26.923  14.435 -17.342  27.268  13.413 -16.768  27.723  15.022 -16.559
  26.055  14.452 -21.189  23.647  14.629 -22.310  23.873  14.176 -20.667  22.413
  14.627 -19.736  22.304  15.022 -21.294  21.218  14.029 -21.553  21.448  12.994
 -20.251  20.083  14.029 -19.332  20.459  13.575 -20.030  19.795  15.059 -20.694
  18.840  13.242 -21.560  18.387  13.726 -20.965  19.134  12.226 -19.565  17.802
  13.180 -18.696  18.254  12.696 -19.292  17.519  14.199 -19.978  16.601  12.428
 -20.913  16.586  12.050 -19.247  15.526  12.192 -18.022  15.400  12.616 -17.602
  16.143  13.148 -17.500  14.563  12.414 -19.741  14.535  11.510 -20.685  14.584
  11.159 -19.180  13.717  11.331 -22.604  20.811  14.720 -23.477  20.232  14.074
 -22.775  21.155  15.999 -21.983  21.543  16.496 -24.017  20.949  16.749 -24.347
  19.921  16.591 -23.704  21.116  18.242 -23.345  22.127  18.440 -24.605  20.937
  18.830 -22.944  20.396  18.545 -25.188  21.864  16.315 -26.332  21.601  16.695
 -24.944  22.922  15.528 -23.997  23.098  15.216 -25.998  23.800  15.015 -26.691
  24.016  15.830 -25.373  25.131  14.578 -24.684  24.967  13.749 -26.157  25.813
  14.251 -24.833  25.582  15.411 -26.794  23.132  13.873 -26.211  22.559  12.948
 -28.130  23.223  13.920 -28.547  23.682  14.718 -29.021  22.594  12.929 -28.548
  21.681  12.564 -30.354  22.195  13.596 -30.846  23.099  13.958 -30.998  21.753
  12.834 -30.236  21.198  14.767 -29.619  21.629  15.555 -31.624  20.923  15.345
 -32.265  20.471  14.587 -31.541  20.247  16.196 -32.072  21.857  15.685 -29.628
  19.858  14.343 -28.593  20.000  14.037 -29.640  19.167  15.185 -30.198  19.431
  13.518 -29.258  23.467  11.682 -29.398  22.930  10.582 -29.275  24.797  11.837
 -29.142  25.152  12.772 -29.408  25.767  10.740 -29.120  25.286   9.802 -30.876
  26.224  10.601 -31.251  26.574  11.564 -30.925  27.059   9.902 -31.793  25.139
  10.060 -31.648  24.675   8.938 -32.781  24.715  10.815 -33.395  24.005  10.444
 -32.930  25.106  11.733 -28.448  26.957  10.909 -27.489  27.082  10.144 -28.669
  27.819  11.905 -29.449  27.658  12.524 -27.898  29.050  12.103 -27.354  29.255
  11.187 -28.866  30.222  12.302 -29.440  30.085  13.219 -28.302  31.154  12.370
 -29.548  30.288  11.453 -26.856  28.948  13.234 -27.102  28.316  14.265 -25.709
  29.611  13.053 -25.592  30.113  12.176 -24.618  29.735  14.036 -25.016  29.484
  15.019 -23.479  28.731  13.737 -23.919  27.734  13.684 -22.753  28.994  12.411
 -22.189  29.925  12.458 -22.070  28.173  12.195 -23.480  29.057  11.604 -22.416
  28.707  14.843 -22.884  28.488  15.800 -21.686  27.927  14.632 -21.898  29.664
  14.906 -24.118  31.181  14.102 -23.948  31.838  13.071 -23.864  31.679  15.316
 -24.013  31.065  16.114 -23.257  32.996  15.575 -23.285  33.594  14.663 -24.043
  33.747  16.660 -24.122  33.109  17.539 -23.492  34.647  16.940 -25.448  34.161
  16.190 -25.345  34.883  15.379 -25.989  33.294  15.809 -26.273  34.802  17.316
 -25.709  35.628  17.753 -27.180  35.222  16.876 -26.667  33.813  18.344 -27.367
  33.138  18.076 -26.220  33.699  19.582 -25.344  34.511  20.101 -25.050  35.318
  19.579 -25.109  34.433  21.075 -26.648  32.733  20.338 -27.357  32.105  19.997
 -26.280  32.616  21.269 -21.788  32.831  15.957 -21.450  31.933  16.726 -20.927
  33.699  15.435 -21.299  34.433  14.840 -19.477  33.677  15.642 -19.232  33.027
  16.482 -18.774  33.138  14.375 -18.989  33.823  13.554 -17.695  33.155  14.543
 -19.182  31.719  13.934 -20.263  31.665  13.811 -18.542  31.380  12.590 -17.455
  31.377  12.675 -18.888  30.402  12.258 -18.841  32.118  11.851 -18.739  30.654
  14.933 -19.223  30.828  15.891 -19.033  29.671  14.571 -17.658  30.687  15.063
 -18.980  35.088  15.974 -19.218  36.019  15.204 -18.266  35.247  17.089 -18.075
  34.422  17.651 -17.526  36.473  17.402 -17.921  37.288  16.796 -17.714  36.844
  18.885 -18.761  36.722  19.165 -17.121  36.150  19.478 -17.271  38.280  19.220
 -16.344  38.506  18.697 -18.337  39.300  18.821 -19.252  39.129  19.389 -17.977
  40.310  19.017 -18.555  39.209  17.762 -17.030  38.433  20.720 -16.207  37.791
  21.024 -16.770  39.464  20.956 -17.928  38.157  21.270 -16.056  36.268  17.022
 -15.463  35.259  17.411 -15.477  37.197  16.262 -16.030  38.005  15.990 -14.156
  37.052  15.629 -13.618  36.267  16.155 -14.286  36.617  14.150 -13.283  36.543
  13.729 -14.932  35.233  14.011 -15.976  35.265  14.323 -14.881  34.908  12.972
 -14.393  34.516  14.627 -15.078  37.613  13.293 -14.632  38.604  13.357 -15.060
  37.293  12.252 -16.113  37.664  13.628 -13.295  38.316  15.739 -13.800  39.409
  15.995 -11.985  38.171  15.526 -11.650  37.227  15.351 -10.994  39.261  15.436
 -11.518  40.213  15.352 -10.131  39.312  16.718  -9.861  38.296  17.005  -8.834
  40.120  16.583  -9.053  41.132  16.248  -8.322  40.165  17.545  -8.164  39.639
  15.871 -10.924  39.945  17.869 -11.868  39.421  18.004 -10.353  39.878  18.796
 -11.127  40.993  17.651 -10.157  39.099  14.159  -9.756  37.987  13.809  -9.893
  40.205  13.458 -10.198  41.092  13.830  -9.131  40.221  12.198  -9.418  39.339
  11.625  -9.487  41.462  11.349  -9.097  42.344  11.856  -8.960  41.389  10.397
 -10.977  41.704  11.047 -11.837  40.809  11.217 -11.304  42.823  10.590  -7.602
  40.166  12.447  -7.128  40.693  13.461  -6.797  39.578  11.537  -7.212  38.872
  10.331  -7.912  39.461   9.738  -7.663  37.921  10.610  -5.935  38.618   9.529
  -5.735  39.470   8.878  -5.999  37.698   8.947  -4.861  38.533  10.612  -3.871
  38.773  10.221  -4.861  37.532  11.047  -5.338  39.545  11.660  -5.062  39.180
  12.650  -4.700  40.930  11.452  -5.157  41.734  10.636  -3.604  41.196  12.166
  -3.270  40.489  12.807  -2.795  42.420  12.060  -2.844  42.791  11.034  -3.378
  43.503  12.993  -4.409  43.693  12.690  -3.387  43.130  14.019  -2.595  44.827
  12.957  -1.599  44.663  13.373  -2.480  45.140  11.917  -3.291  45.950  13.741
  -4.481  46.245  13.486  -2.638  46.570  14.612  -1.316  42.124  12.381  -1.015
  41.280  13.230  -0.389  42.823  11.719  -0.693  43.511  11.043   1.059  42.762
  11.987   1.204  42.504  13.037   1.734  41.653  11.154   1.244  40.706  11.381
   1.686  41.876   9.641   2.214  42.791   9.372   2.154  41.033   9.132   0.651
  41.948   9.308   3.098  41.544  11.506   3.387  40.663  11.230   1.728  44.124
  11.764   1.231  44.954  10.998   2.863  44.353  12.429   3.217  43.603  13.007
   3.711  45.545  12.260   3.091  46.371  11.908   4.296  45.959  13.623   4.976
  45.174  13.964   4.880  46.872  13.494   3.238  46.215  14.705   2.134  46.727
  14.408   3.498  45.913  15.892   4.821  45.352  11.202   5.542  46.296  10.876
   4.968  44.141  10.653   4.326  43.413  10.942   5.922  43.815   9.583   6.848
  44.362   9.770   6.248  42.311   9.656   6.604  42.091  10.664   5.335  41.738
   9.480   7.325  41.864   8.653   6.912  41.907   7.644   8.161  42.566   8.708
   7.841  40.438   8.919   7.063  39.554   9.353   9.043  40.171   8.678   5.402
  44.244   8.193   4.196  44.206   7.931   6.300  44.640   7.283   7.278  44.647
   7.534   5.940  45.020   5.910   5.072  45.680   5.966   7.094  45.823   5.275
   7.308  46.691   5.902   7.988  45.198   5.253   6.812  46.310   3.841   7.685
  46.855   3.480   6.675  45.452   3.182   5.603  47.239   3.748   5.520  48.266
   4.410   4.612  46.927   2.942   3.834  47.564   2.872   4.642  46.071   2.380
   5.545  43.796   5.059   6.239  42.774   5.064   4.455  43.927   4.292   3.961
  44.807   4.337   3.950  42.935   3.325   4.413  41.970   3.534   2.419  42.775
   3.505   1.939  43.720   3.247   2.067  42.027   2.794   1.939  42.362   4.911
   2.231  43.119   5.638   0.415  42.260   4.911   0.090  41.496   4.204   0.066
  41.999   5.910  -0.017  43.220   4.629   2.509  41.011   5.339   3.590  41.084
   5.443   2.091  40.726   6.305   2.264  40.249   4.599   4.352  43.273   1.882
   4.577  42.332   1.092   4.443  44.475   1.546  -0.204  18.968  12.898  -0.018
  18.613  11.972  -0.469  18.184  13.474   0.642  19.372  13.269  -1.309  19.962
  12.849  -1.515  20.300  13.866  -0.940  21.195  11.993  -0.632  20.854  11.003
  -1.822  21.823  11.858   0.182  22.073  12.578   1.075  21.463  12.724   0.426
  22.838  11.837  -0.179  22.773  13.902  -1.239  22.482  14.500   0.621  23.616
  14.368  -2.601  19.312  12.338  -2.571  18.186  11.835  -3.743  19.998  12.476
  -3.703  20.931  12.866  -5.079  19.510  12.084  -4.944  18.704  11.360  -5.804
  18.906  13.316  -5.138  18.153  13.741  -6.080  19.958  14.409  -6.776  20.714
  14.045  -6.503  19.482  15.293  -5.153  20.445  14.710  -7.110  18.185  12.907
  -7.880  18.918  12.665  -6.916  17.586  12.016  -7.657  17.235  13.981  -7.955
  17.791  14.870  -8.530  16.714  13.589  -6.897  16.500  14.250  -5.897  20.607
  11.375  -5.736  21.796  11.660  -6.777  20.201  10.454  -6.834  19.211  10.259
  -7.727  21.062   9.733  -7.897  21.966  10.314  -7.134  21.473   8.377  -6.307
  22.164   8.549  -6.744  20.589   7.868  -8.100  22.092   7.541  -8.593  21.391
   7.089  -9.070  20.348   9.541  -9.091  19.156   9.221 -10.187  21.069   9.703
 -10.077  22.056   9.916 -11.559  20.576   9.446 -11.508  19.726   8.763 -12.246
  20.092  10.745 -12.142  20.867  11.504 -13.745  19.804  10.573 -13.905  19.111
   9.747 -14.149  19.364  11.483 -14.290  20.729  10.385 -11.611  18.798  11.277
 -10.545  18.929  11.451 -12.085  18.506  12.216 -11.745  17.995  10.550 -12.400
  21.659   8.762 -12.419  22.805   9.217 -13.117  21.279   7.698 -13.034  20.320
   7.396 -14.121  22.101   7.013 -13.822  23.147   7.048 -14.173  21.812   5.964
 -15.524  21.960   7.619 -15.913  20.874   8.061 -16.283  23.061   7.636 -15.861
  23.909   7.269 -17.587  23.220   8.307 -17.828  22.300   8.839 -17.439  24.352
   9.352 -17.090  25.248   8.835 -18.414  24.583   9.779 -16.464  24.035  10.502
 -15.547  23.587  10.119 -16.086  25.325  11.214 -16.981  25.841  11.546 -15.454
  25.101  12.069 -15.538  25.967  10.525 -17.096  23.084  11.517 -17.302  22.126
  11.043 -16.408  22.921  12.344 -18.024  23.504  11.902 -18.757  23.445   7.330
 -18.552  23.975   6.218 -19.901  23.100   7.693
