Cpptraj Generated trajectory                                                    
   0.100  19.089  11.225   0.041  18.749  10.277   0.025  18.294  11.841   1.001
  19.520  11.365  -1.004  20.051  11.488  -0.949  20.366  12.533  -0.900  21.310
  10.602  -0.910  21.010   9.552  -1.773  21.939  10.787   0.362  22.141  10.890
   0.402  22.350  11.962   1.246  21.556  10.627   0.399  23.469  10.115  -0.125
  23.551   8.980   0.987  24.450  10.629  -2.367  19.376  11.290  -2.460  18.370
  10.583  -3.426  19.914  11.910  -3.291  20.758  12.452  -4.813  19.412  11.819
  -4.868  18.644  11.045  -5.251  18.758  13.159  -5.082  19.482  13.960  -6.753
  18.401  13.163  -6.974  17.686  12.369  -7.040  17.968  14.120  -7.362  19.294
  13.032  -4.402  17.497  13.456  -4.590  16.743  12.690  -3.345  17.759  13.414
  -4.640  16.872  14.838  -5.629  16.417  14.889  -3.897  16.093  15.012  -4.544
  17.632  15.613  -5.751  20.554  11.390  -5.631  21.681  11.879  -6.698  20.262
  10.492  -6.735  19.322  10.122  -7.767  21.180  10.074  -8.027  21.807  10.927
  -7.266  22.086   8.944  -6.371  22.614   9.275  -7.010  21.476   8.075  -8.256
  23.030   8.578  -8.511  23.514   9.392  -9.030  20.421   9.642  -8.941  19.288
   9.162 -10.205  21.037   9.824 -10.180  22.000  10.133 -11.532  20.483   9.481
 -11.409  19.705   8.726 -12.207  19.841  10.719 -12.184  20.561  11.537 -13.673
  19.447  10.489 -13.760  18.808   9.610 -14.055  18.907  11.355 -14.287  20.338
  10.359 -11.474  18.570  11.174 -10.433  18.782  11.408 -11.951  18.163  12.066
 -11.508  17.820  10.382 -12.420  21.577   8.876 -12.430  22.709   9.371 -13.170
  21.228   7.824 -13.090  20.280   7.488 -14.178  22.074   7.173 -13.874  23.116
   7.239 -14.237  21.818   6.116 -15.580  21.927   7.778 -15.961  20.845   8.235
 -16.350  23.021   7.772 -15.934  23.868   7.395 -17.650  23.178   8.448 -17.842
  22.294   9.055 -17.538  24.394   9.398 -17.227  25.259   8.811 -18.518  24.619
   9.817 -16.542  24.197  10.556 -15.612  23.757  10.197 -16.208  25.546  11.173
 -17.119  26.057  11.466 -15.570  25.407  12.042 -15.678  26.153  10.438 -17.134
  23.295  11.638 -17.286  22.293  11.239 -16.447  23.233  12.478 -18.086  23.693
  11.982 -18.841  23.269   7.479 -18.736  23.922   6.419 -19.901  22.693   7.805
  -0.204  18.968  12.898  -0.018  18.613  11.972  -0.469  18.184  13.474   0.642
  19.372  13.269  -1.309  19.962  12.849  -1.515  20.300  13.866  -0.940  21.195
  11.993  -0.632  20.854  11.003  -1.822  21.823  11.858   0.182  22.073  12.578
   1.075  21.463  12.724   0.426  22.838  11.837  -0.179  22.773  13.902  -1.239
  22.482  14.500   0.621  23.616  14.368  -2.601  19.312  12.338  -2.571  18.186
  11.835  -3.743  19.998  12.476  -3.703  20.931  12.866  -5.079  19.510  12.084
  -4.944  18.704  11.360  -5.804  18.906  13.316  -5.138  18.153  13.741  -6.080
  19.958  14.409  -6.776  20.714  14.045  -6.503  19.482  15.293  -5.153  20.445
  14.710  -7.110  18.185  12.907  -7.880  18.918  12.665  -6.916  17.586  12.016
  -7.657  17.235  13.981  -7.955  17.791  14.870  -8.530  16.714  13.589  -6.897
  16.500  14.250  -5.897  20.607  11.375  -5.736  21.796  11.660  -6.777  20.201
  10.454  -6.834  19.211  10.259  -7.727  21.062   9.733  -7.897  21.966  10.314
  -7.134  21.473   8.377  -6.307  22.164   8.549  -6.744  20.589   7.868  -8.100
  22.092   7.541  -8.593  21.391   7.089  -9.070  20.348   9.541  -9.091  19.156
   9.221 -10.187  21.069   9.703 -10.077  22.056   9.916 -11.559  20.576   9.446
 -11.508  19.726   8.763 -12.246  20.092  10.745 -12.142  20.867  11.504 -13.745
  19.804  10.573 -13.905  19.111   9.747 -14.149  19.364  11.483 -14.290  20.729
  10.385 -11.611  18.798  11.277 -10.545  18.929  11.451 -12.085  18.506  12.216
 -11.745  17.995  10.550 -12.400  21.659   8.762 -12.419  22.805   9.217 -13.117
  21.279   7.698 -13.034  20.320   7.396 -14.121  22.101   7.013 -13.822  23.147
   7.048 -14.173  21.812   5.964 -15.524  21.960   7.619 -15.913  20.874   8.061
 -16.283  23.061   7.636 -15.861  23.909   7.269 -17.587  23.220   8.307 -17.828
  22.300   8.839 -17.439  24.352   9.352 -17.090  25.248   8.835 -18.414  24.583
   9.779 -16.464  24.035  10.502 -15.547  23.587  10.119 -16.086  25.325  11.214
 -16.981  25.841  11.546 -15.454  25.101  12.069 -15.538  25.967  10.525 -17.096
  23.084  11.517 -17.302  22.126  11.043 -16.408  22.921  12.344 -18.024  23.504
  11.902 -18.757  23.445   7.330 -18.552  23.975   6.218 -19.901  23.100   7.693
