#Frame       SA_00001
       1    5917.5410
       2    5919.2967
       3    5912.7792
       4    5908.9360
       5    5937.6337
       6    5920.3200
       7    5977.4577
       8    5987.6846
       9    5978.0190
      10    5945.1646
      11    5967.8848
      12    5937.2185
      13    5976.9759
      14    5900.3988
      15    5960.9109
      16    5928.8659
      17    5906.0009
      18    5928.8992
      19    5902.1137
      20    5904.6214
      21    5984.3958
      22    5983.3012
      23    5902.8938
      24    5965.7019
      25    5940.0376
      26    5930.1813
      27    5917.1877
      28    5864.7931
      29    5912.3501
      30    5994.3697
      31    5905.7541
      32    5952.6432
      33    5831.8066
      34    5973.9899
      35    5912.4332
      36    5974.1361
      37    5940.0187
      38    5925.5122
      39    5940.2212
      40    5903.8348
      41    5976.3870
      42    5933.1895
      43    5975.7891
      44    5900.5396
      45    5968.3711
      46    5937.5944
      47    5899.0602
      48    5934.0394
      49    5976.6006
      50    5926.7049
