#Frame       SA_00001
       1     833.9932
       2     842.0978
       3     845.6515
       4     841.8132
       5     836.4483
       6     841.9646
       7     849.8123
       8     850.1218
       9     846.3025
      10     831.4978
      11     850.5694
      12     837.5573
      13     850.3545
      14     851.3846
      15     839.6271
      16     841.7039
      17     853.2265
      18     837.7681
      19     840.5885
      20     834.1995
      21     824.1990
      22     842.1023
      23     844.7096
      24     844.7841
      25     854.8581
      26     832.2683
      27     839.5665
      28     849.9101
      29     852.9882
      30     851.6595
      31     840.5646
      32     854.4606
      33     830.2256
      34     840.8102
      35     857.5426
      36     826.5585
      37     838.5478
      38     826.7638
      39     841.8797
      40     825.2094
      41     839.1070
      42     851.5324
      43     842.6445
      44     850.6164
      45     840.1477
      46     855.9794
      47     853.3913
      48     828.8639
      49     836.9635
      50     841.8039
