#Frame       SA_00001
       1    5940.0048
       2    5949.6971
       3    5940.5695
       4    5938.3675
       5    5961.9013
       6    5950.8955
       7    6007.7668
       8    6013.0970
       9    6027.8065
      10    5954.7843
      11    5974.7773
      12    5964.5199
      13    5999.8116
      14    5907.8957
      15    5976.1277
      16    5958.7208
      17    5928.8311
      18    5922.5018
      19    5919.6845
      20    5919.4432
      21    5984.3971
      22    5977.3310
      23    5937.0680
      24    6023.0487
      25    5966.5484
      26    5958.3482
      27    5942.5029
      28    5833.5844
      29    5935.8893
      30    6022.8986
      31    5922.4520
      32    5980.5324
      33    5745.8177
      34    5995.6680
      35    5934.7757
      36    5971.0705
      37    5966.9672
      38    5910.3239
      39    5952.3752
      40    5898.6263
      41    6000.6257
      42    6016.4512
      43    6010.4903
      44    5904.7019
      45    5993.7638
      46    5940.5690
      47    5922.2025
      48    5956.2205
      49    6010.1134
      50    5957.1598
