#Frame       SA_00001
       1     912.7487
       2     917.9212
       3     906.0202
       4     930.6039
       5     915.8864
       6     926.2952
       7     917.9026
       8     926.8957
       9     918.3735
      10     893.2558
      11     928.3884
      12     915.2815
      13     915.0469
      14     898.5750
      15     902.2251
      16     935.0897
      17     931.3935
      18     927.4266
      19     913.3544
      20     927.7987
      21     923.9058
      22     907.1006
      23     935.6345
      24     916.6422
      25     927.2274
      26     893.9241
      27     911.3535
      28     933.7770
      29     914.8509
      30     928.7731
      31     909.6911
      32     931.8304
      33     926.4607
      34     914.2211
      35     915.1404
      36     912.7437
      37     914.4732
      38     912.3315
      39     915.8484
      40     914.0857
      41     913.4504
      42     925.6730
      43     915.6797
      44     921.0149
      45     912.5637
      46     909.7489
      47     927.2758
      48     933.7530
      49     909.4670
      50     912.5379
