#Frame       SA_00001
       1    6047.4681
       2    6005.8876
       3    6004.9345
       4    6013.0507
       5    6034.2153
       6    6101.7626
       7    6066.9201
       8    5928.6279
       9    5953.5698
      10    6025.0558
      11    5971.6814
      12    6015.0515
      13    5920.2758
      14    6034.9663
      15    6006.7611
      16    6076.9053
      17    5963.5700
      18    6005.6962
      19    5980.1461
      20    6147.5807
      21    6049.8334
      22    6013.0361
      23    6039.8349
      24    6096.1306
      25    5946.0301
      26    5968.0964
      27    6070.4324
      28    5989.5573
      29    6023.2583
      30    6044.8472
      31    6024.2385
      32    5998.0212
      33    5930.9390
      34    5942.8101
      35    6052.0894
      36    6148.2437
      37    5903.4451
      38    6010.3038
      39    6042.3586
      40    6024.6739
      41    6029.5930
      42    6054.5403
      43    6024.4020
      44    6058.9999
      45    6045.1733
      46    6058.2642
      47    6009.3951
      48    6099.8901
      49    5965.6418
      50    6018.8114
