#Frame       SA_00001
       1    5929.1317
       2    5963.0017
       3    5982.5249
       4    6039.9342
       5    6014.0313
       6    6012.4231
       7    6038.1413
       8    5967.1067
       9    5904.3757
      10    5974.1963
      11    5960.8892
      12    5964.2383
      13    5914.4088
      14    6005.9486
      15    6023.8944
      16    6051.6117
      17    5974.3416
      18    5968.8948
      19    5974.0830
      20    6045.6842
      21    6003.8616
      22    5969.6664
      23    6005.4262
      24    5977.3113
      25    5970.6784
      26    5917.6295
      27    6016.5922
      28    5966.0969
      29    5973.4036
      30    6049.6252
      31    5927.7769
      32    6011.0279
      33    5958.9497
      34    5911.7669
      35    6035.8893
      36    6067.6325
      37    5910.5017
      38    5978.9080
      39    5931.9934
      40    5979.4045
      41    5943.1836
      42    6024.8905
      43    5905.3965
      44    5993.3845
      45    5913.1947
      46    5988.8426
      47    5983.2244
      48    6048.3733
      49    5972.5826
      50    5990.0086
