#Frame       SA_00001
       1    5960.4401
       2    6022.0628
       3    6002.1611
       4    5876.1690
       5    5962.2527
       6    5966.2049
       7    5931.4063
       8    5982.8127
       9    5966.3292
      10    5955.6546
      11    5841.8091
      12    5862.5408
      13    5983.9548
      14    5958.0374
      15    6004.7381
      16    5866.0064
      17    5940.5554
      18    6005.5927
      19    5949.0782
      20    5880.9887
      21    5950.6934
      22    5816.3566
      23    5926.4346
      24    5978.8128
      25    6056.2456
      26    5933.6065
      27    5934.8521
      28    5986.5502
      29    6011.5910
      30    5958.7012
      31    5843.4860
      32    5977.2471
      33    6003.3141
      34    5969.3114
      35    6052.3092
      36    5920.7378
      37    5833.0072
      38    5925.7085
      39    5912.4747
      40    5919.7126
      41    5978.3236
      42    6014.3781
      43    5941.7072
      44    5939.0167
      45    5977.9988
      46    5863.8589
      47    5862.7333
      48    5914.5453
      49    5954.5619
      50    5998.3401
