#Frame       SA_00001
       1    5950.5556
       2    5990.0855
       3    5989.1995
       4    5930.1349
       5    5939.4815
       6    5919.3277
       7    5925.5454
       8    5929.1713
       9    5946.2624
      10    5966.3234
      11    5846.4446
      12    5874.6913
      13    5979.1602
      14    5944.1461
      15    5978.0902
      16    5884.3509
      17    5926.6972
      18    5972.4189
      19    5953.5708
      20    5894.8462
      21    5929.2544
      22    5896.6116
      23    5910.0883
      24    5975.9110
      25    5982.0158
      26    5933.3200
      27    5931.0089
      28    5943.4292
      29    5989.9347
      30    5944.3966
      31    5920.5205
      32    5974.9266
      33    5990.4831
      34    5961.1179
      35    5990.3448
      36    5913.1697
      37    5904.8103
      38    5930.1372
      39    5913.8653
      40    5919.6146
      41    5927.1012
      42    6002.7808
      43    5950.3576
      44    5937.6778
      45    5975.6419
      46    5872.1213
      47    5875.6395
      48    5943.3999
      49    5939.2204
      50    5936.6590
