#Frame       SA_00001
       1     900.8026
       2     907.8983
       3     904.9849
       4     906.1584
       5     905.8702
       6     896.0192
       7     900.8963
       8     900.7589
       9     906.4702
      10     888.0768
      11     879.0055
      12     875.5601
      13     896.2200
      14     904.2098
      15     912.0829
      16     874.6996
      17     896.6363
      18     905.7975
      19     883.0905
      20     876.5871
      21     898.8526
      22     893.5139
      23     891.0307
      24     889.6809
      25     902.1347
      26     896.2606
      27     889.5815
      28     910.8173
      29     906.8582
      30     904.2649
      31     882.1475
      32     896.2568
      33     903.8004
      34     895.4719
      35     909.9711
      36     904.0294
      37     906.6824
      38     895.8533
      39     891.6405
      40     886.2264
      41     900.7572
      42     902.1115
      43     883.6398
      44     896.4674
      45     895.7302
      46     881.1511
      47     878.0231
      48     886.1419
      49     897.7005
      50     902.0204
