Cpptraj Generated trajectory                                                    
  -5.275  46.665  20.281  -5.519  47.638  20.401  -4.361  46.525  20.686  -5.940
  46.110  20.798  -5.278  46.308  18.834  -4.552  46.951  18.332  -4.870  44.836
  18.562  -5.462  44.176  19.201  -5.110  44.583  17.526  -3.378  44.520  18.792
  -3.068  44.883  19.773  -3.253  43.435  18.783  -2.461  45.111  17.708  -2.714
  44.656  16.749  -2.621  46.189  17.641  -1.040  44.856  18.004  -0.824  44.311
  18.824  -0.000  45.294  17.319  -0.112  45.991  16.228  -1.031  46.198  15.843
   0.725  46.285  15.730   1.198  45.026  17.740   1.332  44.494  18.584   2.007
  45.383  17.234  -6.621  46.673  18.192  -6.714  47.739  17.581  -7.664  45.841
  18.328  -7.550  44.988  18.859  -9.011  46.092  17.782  -9.207  47.166  17.800
  -9.080  45.619  16.315 -10.012  45.974  15.873  -8.260  46.074  15.759  -9.022
  44.092  16.148  -8.130  43.706  16.643  -9.893  43.654  16.635  -9.014  43.518
  14.427  -7.308  43.926  13.956  -6.611  43.412  14.617  -7.125  43.605  12.931
  -7.146  45.002  14.024 -10.105  45.410  18.624  -9.818  44.482  19.387 -11.361
  45.837  18.456 -11.524  46.588  17.801 -12.538  45.151  19.007 -12.243  44.686
  19.945 -13.657  46.168  19.314 -13.947  46.650  18.379 -14.527  45.624  19.686
 -13.294  47.261  20.338 -12.434  47.828  19.982 -14.470  48.226  20.492 -15.346
  47.695  20.866 -14.205  49.021  21.190 -14.706  48.675  19.527 -12.970  46.686
  21.719 -12.067  46.080  21.670 -12.794  47.499  22.423 -13.800  46.075  22.076
 -13.039  44.040  18.052 -12.872  44.178  16.834 -13.673  42.959  18.553 -13.776
  42.576  19.957 -14.664  43.033  20.396 -12.890  42.845  20.531 -13.918  41.056
  19.954 -14.445  40.695  20.837 -12.933  40.594  19.876 -14.710  40.803  18.675
 -15.772  40.949  18.880 -14.526  39.803  18.283 -14.215  41.887  17.712 -13.397
  41.476  17.120 -15.333  42.329  16.750 -16.002  43.346  16.958 -15.559  41.516
  15.713 -14.968  40.690  15.652 -16.563  41.673  14.647 -17.163  42.564  14.838
 -15.802  41.861  13.321 -15.203  42.770  13.402 -15.120  41.019  13.184 -16.697
  41.973  12.076 -17.141  41.001  11.853 -17.499  42.686  12.276 -15.914  42.467
  10.849 -16.605  42.574  10.011 -15.518  43.461  11.067 -14.789  41.578  10.484
 -13.934  41.672  11.011 -14.729  40.717   9.483 -15.724  40.485   8.679 -16.599
  40.956   8.818 -15.595  39.843   7.907 -13.631  40.064   9.261 -12.820  40.240
   9.852 -13.576  39.421   8.491 -17.507  40.465  14.631 -17.064  39.342  14.861
 -18.799  40.684  14.375 -19.089  41.628  14.169 -19.831  39.637  14.381 -19.415
  38.744  14.850 -21.018  40.105  15.248 -20.650  40.371  16.240 -21.432  41.007
  14.796 -22.158  39.078  15.406 -22.525  38.783  14.423 -21.718  37.827  16.169
 -21.323  38.102  17.147 -22.570  37.160  16.301 -20.955  37.293  15.609 -23.317
  39.712  16.175 -23.675  40.592  15.640 -24.137  39.000  16.260 -22.989  40.007
  17.172 -20.255  39.239  12.958 -20.561  40.100  12.129 -20.317  37.933  12.703
 -20.017  37.294  13.434 -20.693  37.316  11.430 -21.059  38.080  10.743 -19.441
  36.664  10.815 -19.048  35.918  11.508 -19.707  36.168   9.882 -18.158  37.910
  10.482 -17.252  37.077   9.957 -21.816  36.280  11.629 -21.880  35.615  12.665
 -22.679  36.101  10.624 -22.589  36.679   9.800 -23.739  35.086  10.612 -23.528
  34.336  11.375 -25.075  35.752  10.970 -24.974  36.286  11.916 -25.345  36.468
  10.191 -26.379  34.495  11.122 -27.394  35.334  11.322 -23.781  34.362   9.255
 -23.775  35.006   8.202 -23.784  33.026   9.285 -23.840  32.577  10.196 -23.690
  32.136   8.124 -23.689  32.719   7.202 -22.398  31.292   8.188 -22.429  30.689
   9.093 -22.444  30.605   7.344 -21.024  31.987   8.122 -20.983  32.632   7.248
 -20.648  32.795   9.367 -20.810  32.200  10.267 -19.605  33.098   9.309 -21.238
  33.703   9.416 -19.963  30.893   7.969 -20.108  30.376   7.022 -18.967  31.330
   7.971 -20.035  30.180   8.791 -24.894  31.182   8.102 -25.305  30.692   9.152
 -25.405  30.834   6.918 -25.037  31.268   6.084 -26.444  29.806   6.742 -26.604
  29.306   7.696 -27.782  30.462   6.366 -28.014  31.222   7.114 -27.687  30.944
   5.392 -28.933  29.443   6.331 -28.766  28.741   5.511 -28.920  28.878   7.266
 -30.314  30.098   6.155 -30.427  31.181   5.534 -31.322  29.515   6.618 -26.001
  28.722   5.744 -25.442  29.027   4.690 -26.223  27.451   6.098 -26.709  27.291
   6.974 -25.663  26.269   5.427 -24.577  26.372   5.410 -26.013  25.032   6.276
 -25.681  25.206   7.300 -27.097  24.901   6.287 -25.356  23.740   5.772 -25.713
  23.521   4.765 -24.274  23.875   5.748 -25.701  22.556   6.688 -25.316  22.751
   7.691 -26.787  22.448   6.740 -25.086  21.259   6.143 -25.446  21.100   5.121
 -23.998  21.371   6.102 -25.438  20.088   6.984 -26.436  19.948   7.021 -25.030
  19.243   6.613 -25.103  20.196   7.929 -26.141  26.131   3.973 -27.344  26.156
   3.704 -25.195  25.943   3.054 -24.234  25.910   3.380 -25.424  25.608   1.644
 -26.455  25.827   1.362 -24.772  26.229   1.030 -25.135  24.131   1.323 -24.790
  23.356   2.222 -25.218  23.717   0.042 -25.570  24.542  -1.107 -25.035  25.492
  -1.106 -26.647  24.717  -1.111 -25.176  23.724  -2.335 -24.126  23.900  -2.574
 -25.809  23.951  -3.193 -25.362  22.285  -1.856 -24.760  21.584  -2.435 -26.418
  22.017  -1.923 -24.944  22.337  -0.381 -25.571  21.649   0.188 -23.476  21.911
  -0.184 -23.181  20.715  -0.146 -22.561  22.874  -0.017 -22.873  23.833  -0.094
 -21.142  22.684   0.302 -20.903  21.625   0.181 -20.287  23.457  -0.727 -19.236
  23.231  -0.548 -20.528  23.103  -1.730 -20.464  24.970  -0.706 -21.411  25.523
  -0.162 -19.564  25.695  -1.327 -19.691  26.694  -1.356 -18.790  25.251  -1.798
 -20.794  23.014   1.777 -19.630  23.273   2.093 -21.781  23.016   2.684 -22.726
  22.840   2.365 -21.596  23.332   4.107 -22.403  22.883   4.685 -20.658  22.900
   4.457 -21.589  24.839   4.381 -22.474  25.559   3.913 -20.598  25.321   5.135
 -19.905  24.666   5.489 -20.329  26.753   5.337 -21.192  27.328   5.006 -20.136
  27.033   6.833 -19.306  26.428   7.202 -19.853  28.078   6.950 -21.369  26.784
   7.686 -22.508  27.596   7.517 -22.504  28.381   6.776 -23.654  27.383   8.306
 -24.517  28.019   8.196 -23.671  26.346   9.260 -24.792  26.122   9.992 -25.568
  26.532   9.580 -22.529  25.537   9.438 -22.547  24.748  10.177 -21.380  25.757
   8.652 -20.510  25.128   8.785 -19.141  27.261   4.500 -19.013  28.469   4.294
 -18.305  26.354   3.983 -18.408  25.393   4.300 -17.272  26.631   2.981 -16.866
  25.680   2.639 -17.709  27.124   2.120 -16.105  27.462   3.509 -15.700  28.449
   2.889 -15.567  27.056   4.658 -15.979  26.251   5.111 -14.289  27.521   5.193
 -13.648  27.792   4.354 -14.478  28.773   6.061 -13.493  29.203   6.241 -15.037
  29.512   5.490 -15.158  28.576   7.405 -14.404  28.658   8.593 -13.334  28.805
   8.548 -15.042  28.573   9.842 -14.466  28.659  10.751 -16.434  28.393   9.909
 -16.927  28.347  10.868 -17.186  28.281   8.729 -18.256  28.142   8.787 -16.549
  28.371   7.479 -17.133  28.302   6.573 -13.569  26.400   5.953 -14.158  25.366
   6.275 -12.280  26.605   6.209 -11.879  27.489   5.909 -11.389  25.675   6.898
 -11.913  24.741   7.092 -10.140  25.374   6.047  -9.603  26.309   5.896  -9.491
  24.714   6.625 -10.327  24.752   4.681  -9.481  23.773   4.149  -9.877  23.587
   2.877  -9.427  22.889   2.180 -10.900  24.405   2.583 -11.356  24.482   1.669
 -11.181  25.163   3.696 -11.897  25.968   3.751 -10.948  26.275   8.234 -10.604
  27.456   8.280 -10.871  25.467   9.291 -11.144  24.497   9.163 -10.244  25.838
  10.567 -10.005  26.899  10.550 -11.209  25.587  11.743 -11.608  24.577  11.649
 -10.644  25.630  12.675 -12.382  26.577  11.859 -12.939  26.599  10.925 -13.312
  26.124  12.983 -12.780  26.141  13.934 -14.177  26.785  13.035 -13.656  25.110
  12.791 -11.927  27.996  12.198 -11.375  28.410  11.359 -12.789  28.632  12.385
 -11.287  27.987  13.081  -8.912  25.106  10.784  -8.727  23.983  10.304  -8.013
  25.742  11.542  -8.254  26.679  11.858  -6.804  25.151  12.133  -7.034  24.121
  12.411  -5.656  25.110  11.099  -4.858  24.490  11.506  -6.018  24.599  10.207
  -5.033  26.424  10.663  -3.888  26.521   9.864  -3.665  27.836   9.685  -2.841
  28.256   9.118  -4.615  28.558  10.300  -4.661  29.571  10.312  -5.484  27.688
  10.919  -6.354  27.953  11.498  -6.384  25.880  13.428  -6.952  26.917  13.786
  -5.381  25.344  14.129  -4.948  24.510  13.766  -4.733  25.990  15.280  -5.463
  26.576  15.840  -4.351  25.218  15.947  -3.567  26.914  14.894  -3.338  27.208
  13.720  -2.799  27.356  15.894  -3.034  27.082  16.838  -1.524  28.069  15.715
  -1.080  27.749  14.771  -1.775  29.588  15.622  -2.447  29.773  14.783  -2.267
  29.931  16.532  -0.483  30.395  15.412   0.123  30.350  16.318   0.092  29.934
  14.605  -0.756  31.862  15.043  -1.312  32.129  13.954  -0.364  32.768  15.813
  -0.531  27.699  16.836  -0.933  27.468  17.982   0.770  27.630  16.512   1.031
  27.859  15.562   1.837  27.168  17.418   1.637  26.123  17.667   3.186  27.227
  16.673   3.093  26.676  15.735   3.424  28.266  16.437   4.342  26.616  17.483
   4.475  27.174  18.411   4.101  25.579  17.727   5.654  26.656  16.687   5.533
  26.087  15.763   5.893  27.692  16.439   6.796  26.051  17.515   6.893  26.613
  18.448   6.540  25.019  17.770   8.083  26.081  16.777   8.353  27.024  16.546
   8.825  25.681  17.331   8.027  25.554  15.919   1.869  27.965  18.732   2.077
  29.180  18.731   1.671  27.269  19.854   1.504  26.278  19.766   1.682  27.839
  21.208   1.763  27.022  21.924   2.564  28.471  21.320   0.451  28.675  21.597
   0.468  29.297  22.663  -0.608  28.718  20.772  -0.571  28.165  19.921  -1.840
  29.494  21.024  -1.636  30.238  21.796  -2.271  30.242  19.745  -2.626  29.509
  19.017  -3.112  30.895  19.987  -1.179  31.090  19.065  -0.392  30.431  18.700
  -1.627  31.581  18.201  -0.552  32.168  19.963  -1.334  32.842  20.320  -0.062
  31.700  20.819   0.488  32.961  19.158   1.264  32.272  18.810   0.003  33.387
  18.274   1.103  34.044  19.964   1.577  33.678  20.775   1.785  34.553  19.421
   0.413  34.708  20.279  -2.980  28.612  21.558  -3.026  27.413  21.273  -3.912
  29.212  22.309  -3.785  30.189  22.526  -5.090  28.520  22.869  -4.881  27.450
  22.918  -5.348  29.004  24.312  -5.613  30.062  24.282  -6.209  28.461  24.701
  -4.182  28.817  25.304  -3.317  29.388  24.965  -4.594  29.345  26.680  -5.437
  28.772  27.064  -3.756  29.258  27.372  -4.873  30.396  26.601  -3.775  27.351
  25.464  -3.372  26.971  24.526  -3.001  27.265  26.227  -4.638  26.752  25.758
  -6.360  28.654  22.001  -7.219  27.772  22.048  -6.476  29.726  21.205  -5.730
  30.402  21.224  -7.595  29.974  20.283  -8.523  29.627  20.740  -7.693  31.047
  20.117  -7.446  29.291  18.914  -6.377  28.776  18.575  -8.522  29.309  18.119
  -9.339  29.809  18.439  -8.607  28.676  16.790  -7.664  28.169  16.581  -9.718
  27.606  16.770 -10.688  28.106  16.773  -9.641  27.043  15.838  -9.692  26.612
  17.951  -9.962  27.143  18.864 -10.457  25.854  17.790  -8.350  25.907  18.168
  -7.583  25.637  17.255  -8.025  25.557  19.392  -7.109  25.172  19.546  -8.649
  25.778  20.166  -8.801  29.718  15.672  -9.374  30.788  15.900  -8.328  29.405
  14.462  -7.913  28.488  14.324  -8.198  30.351  13.347  -8.771  31.251  13.567
  -6.721  30.752  13.183  -6.138  29.856  12.964  -6.635  31.410  12.318  -6.093
  31.448  14.378  -5.578  30.692  15.450  -5.634  29.612  15.424  -5.001  31.336
  16.562  -4.629  30.748  17.388  -4.910  32.745  16.588  -4.366  33.386  17.657
  -4.020  32.770  18.310  -5.395  33.499  15.499  -5.301  34.574  15.516  -5.999
  32.853  14.403  -6.384  33.437  13.577  -8.726  29.775  12.025  -8.705  28.562
  11.810  -9.154  30.644  11.107  -9.152  31.631  11.351  -9.548  30.268   9.742
 -10.057  29.308   9.791 -10.553  31.283   9.145 -10.090  32.271   9.147 -10.905
  30.920   7.688 -11.387  29.943   7.644 -11.574  31.670   7.270 -10.015  30.910
   7.063 -11.819  31.333  10.033 -12.213  30.325  10.160 -11.538  31.713  11.015
 -12.954  32.224   9.516 -13.419  31.772   8.639 -13.709  32.327  10.295 -12.569
  33.210   9.261  -8.300  30.081   8.870  -7.468  30.983   8.761  -8.181  28.921
   8.217  -8.928  28.245   8.352  -7.055  28.567   7.332  -6.163  29.099   7.668
  -6.786  27.057   7.461  -6.676  26.810   8.516  -7.641  26.500   7.081  -5.521
  26.610   6.710  -5.658  26.762   5.639  -4.667  27.200   7.043  -5.245  25.124
   6.963  -5.088  24.952   8.028  -6.128  24.561   6.660  -4.086  24.638   6.190
  -4.274  24.240   5.282  -2.817  24.620   6.559  -2.395  25.079   7.702  -3.043
  25.493   8.360  -1.414  25.039   7.924  -1.916  24.129   5.761  -2.183  23.756
   4.864  -0.949  24.117   6.041  -7.284  28.985   5.876  -6.344  29.420   5.212
  -8.518  28.841   5.390  -9.234  28.514   6.024  -8.934  29.096   4.005  -8.447
  30.006   3.654  -8.475  27.903   3.134  -7.396  27.787   3.246  -8.941  26.998
   3.523  -8.786  27.985   1.626  -9.863  28.029   1.474  -8.129  29.197   0.959
  -7.050  29.167   1.112  -8.337  29.181  -0.111  -8.523  30.125   1.367  -8.258
  26.733   0.927  -8.713  25.848   1.368  -8.515  26.766  -0.132  -7.175  26.669
   1.033 -10.459  29.304   3.941 -11.186  28.783   4.788 -10.950  30.032   2.936
 -10.304  30.417   2.262 -12.385  30.214   2.650 -12.960  29.508   3.246 -12.863
  31.630   3.037 -12.355  32.365   2.412 -14.374  31.783   2.843 -14.899  31.040
   3.440 -14.688  32.780   3.151 -14.637  31.652   1.795 -12.561  31.950   4.508
 -11.486  31.976   4.676 -12.971  32.924   4.767 -13.008  31.197   5.153 -12.659
  29.897   1.176 -11.888  30.292   0.299 -13.733  29.158   0.896 -14.361  28.910
   1.652 -14.093  28.700  -0.454 -13.171  28.435  -0.964 -14.961  27.430  -0.368
 -15.866  27.664   0.192 -15.268  27.139  -1.374 -14.282  26.226   0.312 -13.998
  26.501   1.330 -15.022  25.427   0.391 -13.052  25.678  -0.436 -12.853  25.975
  -1.637 -12.279  24.902   0.171 -14.814  29.795  -1.279 -15.607  30.555  -0.713
 -14.604  29.882  -2.611 -13.629  29.134  -3.399 -14.052  28.169  -3.682 -12.687
  28.995  -2.869 -13.374  29.978  -4.646 -13.075  29.364  -5.496 -12.617  30.734
  -4.430 -14.723  30.653  -4.877 -15.380  29.963  -5.410 -14.618  31.584  -5.434
 -15.241  30.898  -3.454 -14.891  31.877  -3.123 -16.776  30.865  -3.394 -17.401
  29.828  -3.636 -17.391  32.011  -3.090 -16.811  32.820  -2.881 -18.846  32.189
  -3.022 -19.054  33.253  -2.915 -19.291  31.847  -3.956 -19.544  31.462  -1.863
 -20.765  31.287  -1.915 -18.808  31.008  -0.843 -17.809  31.178  -0.839 -19.375
  30.270   0.293 -20.035  29.502  -0.109 -18.264  29.564   1.070 -18.725  28.851
   1.748 -17.629  29.021   0.372 -17.479  30.457   1.837 -16.722  29.945   2.169
 -20.189  31.152   1.252 -20.024  32.375   1.257 -21.020  30.558   2.133 -21.519
  29.190   2.081 -20.761  28.498   2.445 -21.827  28.913   1.072 -22.726  29.165
   3.014 -22.885  28.178   3.447 -23.614  29.497   2.475 -22.347  30.199   4.073
 -21.656  29.748   4.788 -23.221  30.601   4.584 -21.632  31.275   3.252 -22.371
  31.973   2.857 -20.626  32.051   4.111 -20.935  33.153   4.559 -19.412  31.526
   4.307 -19.211  30.603   3.937 -18.344  32.223   5.020 -18.747  32.607   5.958
 -17.258  31.200   5.355 -16.920  30.702   4.448 -16.412  31.691   5.835 -17.669
  30.453   6.031 -17.791  33.436   4.249 -17.590  34.492   4.850 -17.601  33.338
   2.928 -17.774  32.448   2.468 -17.183  34.488   2.112 -16.322  34.952   2.596
 -16.738  34.024   0.713 -15.969  33.261   0.828 -17.582  33.589   0.176 -16.155
  35.191  -0.098 -16.967  35.846  -0.421 -15.494  35.775   0.547 -15.360  34.716
  -1.322 -15.976  34.348  -2.348 -14.108  34.756  -1.293 -18.286  35.560   2.032
 -18.006  36.756   2.153 -19.552  35.135   1.919 -19.693  34.134   1.801 -20.745
  36.001   1.955 -20.625  36.805   1.227 -21.980  35.169   1.568 -22.003  34.259
   2.169 -22.883  35.743   1.782 -21.977  34.811   0.072 -22.127  35.723  -0.508
 -21.015  34.380  -0.208 -23.082  33.802  -0.267 -22.885  32.868   0.263 -24.049
  34.199   0.050 -23.101  33.547  -1.780 -23.353  34.481  -2.291 -22.098  33.251
  -2.100 -24.073  32.490  -2.152 -25.007  32.725  -1.851 -24.099  32.364  -3.152
 -23.822  31.603  -1.744 -20.938  36.684   3.315 -21.405  37.823   3.362 -20.522
  36.038   4.407 -20.249  35.068   4.305 -20.461  36.621   5.749 -21.341  37.252
   5.888 -20.543  35.481   6.771 -19.670  34.835   6.684 -20.588  35.893   7.778
 -21.447  34.897   6.595 -19.226  37.522   5.989 -19.139  38.168   7.035 -18.283
  37.596   5.041 -18.400  37.041   4.202 -17.098  38.459   5.118 -16.740  38.635
   4.104 -17.374  39.422   5.548 -15.927  37.882   5.925 -15.150  38.651   6.500
 -15.800  36.553   6.002 -16.485  35.979   5.519 -14.652  35.861   6.602 -14.248
  36.474   7.408 -15.106  34.520   7.207 -15.520  33.907   6.407 -14.231  34.000
   7.595 -16.147  34.639   8.335 -17.015  35.201   7.989 -16.619  33.247   8.746
 -15.776  32.637   9.064 -17.326  33.333   9.567 -17.110  32.770   7.902 -15.575
  35.324   9.577 -15.333  36.361   9.351 -16.306  35.307  10.385 -14.670  34.811
   9.902 -13.513  35.655   5.586 -13.763  35.469   4.392 -12.267  35.656   6.069
 -12.148  35.830   7.065 -11.034  35.438   5.294 -11.277  34.912   4.370 -10.390
  36.800   4.943 -10.232  37.346   5.873  -9.408  36.627   4.501 -11.186  37.701
   3.977 -12.194  37.861   4.358 -10.500  39.064   3.868  -9.489  38.947   3.478
 -11.071  39.711   3.202 -10.454  39.532   4.852 -11.264  37.108   2.568 -11.813
  36.168   2.589 -11.794  37.797   1.910 -10.262  36.935   2.175 -10.032  34.551
   6.063 -10.165  34.325   7.268  -8.998  34.061   5.372  -8.917  34.293   4.393
  -7.887  33.339   5.996  -8.295  32.490   6.547  -6.969  32.791   4.896  -6.542
  33.614   4.320  -6.158  32.218   5.347  -7.533  32.140   4.228  -7.111  34.224
   6.996  -6.881  35.413   6.753  -6.689  33.634   8.117  -6.907  32.651   8.246
  -5.983  34.303   9.217  -5.338  33.573   9.707  -5.349  35.093   8.812  -6.888
  34.925  10.292  -6.375  35.372  11.318  -8.214  34.936  10.106  -8.587  34.553
   9.248  -9.167  35.420  11.118  -8.834  36.400  11.463 -10.580  35.590  10.525
 -10.902  34.624  10.131 -11.258  35.849  11.342 -10.729  36.663   9.425  -9.814
  37.493   9.220 -11.808  36.714   8.788  -9.211  34.492  12.347  -9.240  33.266
  12.215  -9.241  35.080  13.547  -9.266  36.097  13.560  -9.309  34.396  14.851
  -8.877  33.397  14.767  -8.482  35.221  15.854  -7.478  35.348  15.452  -8.926
  36.213  15.942  -8.383  34.598  17.256  -9.377  34.536  17.701  -7.963  33.594
  17.180  -7.485  35.464  18.153  -6.482  35.493  17.720  -7.865  36.487  18.168
  -7.394  34.930  19.528  -6.698  34.222  19.697  -8.098  35.298  20.586  -9.009
  36.225  20.561  -9.173  36.752  19.726  -9.497  36.429  21.428  -7.902  34.743
  21.741  -7.182  34.051  21.867  -8.463  35.067  22.520 -10.761  34.262  15.304
 -11.486  35.253  15.270 -11.180  33.088  15.777 -10.523  32.315  15.806 -12.507
  32.892  16.380 -13.208  33.590  15.920 -13.037  31.468  16.113 -12.220  30.748
  16.182 -13.753  31.226  16.900 -13.772  31.304  14.768 -14.585  32.029  14.719
 -12.869  31.499  13.550 -12.001  30.843  13.616 -13.426  31.275  12.641 -12.535
  32.535  13.495 -14.381  29.904  14.678 -15.055  29.740  15.520 -14.952  29.807
  13.754 -13.591  29.154  14.695 -12.484  33.225  17.882 -11.569  32.830  18.608
 -13.520  33.934  18.334 -14.207  34.234  17.649 -13.709  34.418  19.714 -12.847
  34.133  20.317 -13.819  35.959  19.742 -14.732  36.260  19.229 -13.879  36.506
  21.173 -12.965  36.249  21.704 -13.986  37.590  21.153 -14.729  36.088  21.710
 -12.636  36.640  19.041 -12.643  36.408  17.976 -12.716  37.720  19.156 -11.700
  36.297  19.478 -14.942  33.779  20.357 -14.863  33.292  21.484 -16.067  33.717
  19.636 -16.056  34.084  18.691 -17.307  33.070  20.093 -17.050  32.357  20.873
 -18.314  34.082  20.681 -18.731  34.677  19.869 -19.135  33.517  21.124 -17.748
  35.030  21.751 -17.219  34.443  22.500 -17.027  35.701  21.284 -18.825  35.870
  22.459 -19.912  36.122  21.891 -18.581  36.320  23.602 -18.004  32.290  18.969
 -17.924  32.673  17.799 -18.750  31.243  19.337 -18.766  31.005  20.327 -19.678
  30.506  18.460 -19.737  31.011  17.496 -19.205  29.059  18.204 -19.192  28.516
  19.150 -20.156  28.332  17.242 -20.232  28.880  16.302 -19.783  27.330  17.040
 -21.147  28.238  17.684 -17.792  28.994  17.607 -17.075  29.445  18.291 -17.507
  27.954  17.442 -17.757  29.531  16.663 -21.070  30.520  19.095 -21.225  30.129
  20.252 -22.085  30.997  18.368 -21.883  31.273  17.410 -23.469  31.181  18.845
 -23.959  31.824  18.115 -24.225  29.836  18.811 -23.725  29.131  19.476 -25.241
  29.975  19.178 -24.332  29.233  17.420 -24.442  29.922  16.415 -24.317  27.925
  17.316 -24.424  27.516  16.404 -24.250  27.349  18.140 -23.608  31.961  20.180
 -24.601  31.811  20.897 -22.629  32.813  20.511 -21.866  32.920  19.861 -22.562
  33.581  21.764 -22.070  34.531  21.557 -23.572  33.800  22.112 -21.804  32.907
  22.920 -21.686  33.503  23.991 -21.271  31.695  22.734 -21.395  31.241  21.834
 -20.396  31.011  23.700 -20.567  31.415  24.698 -20.706  29.502  23.736 -20.477
  29.070  22.761 -20.045  29.027  24.463 -22.163  29.146  24.086 -22.818  29.519
  23.295 -22.254  28.058  24.088 -22.640  29.682  25.448 -21.821  29.853  26.380
 -23.863  29.898  25.621 -18.917  31.245  23.353 -18.514  31.048  22.205 -18.096
  31.657  24.325 -18.467  31.775  25.256 -16.676  31.963  24.105 -16.602  32.558
  23.198 -16.161  32.828  25.272 -16.819  33.689  25.394 -16.188  32.250  26.196
 -14.735  33.323  25.065 -13.783  32.555  25.069 -14.540  34.609  24.895 -13.590
  34.942  24.739 -15.319  35.247  24.885 -15.837  30.693  23.866 -15.989  29.692
  24.573 -14.933  30.751  22.881 -14.861  31.623  22.364 -14.096  29.622  22.431
 -14.255  28.792  23.115 -14.525  29.115  21.038 -13.899  28.258  20.806 -15.977
  28.626  21.026 -16.664  29.463  21.141 -16.186  28.119  20.086 -16.133  27.923
  21.843 -14.347  30.143  19.913 -13.324  30.518  19.901 -14.554  29.670  18.953
 -15.036  30.972  20.053 -12.584  29.894  22.489 -11.796  29.087  22.000 -12.143
  30.990  23.114 -12.825  31.599  23.559 -10.732  31.431  23.111 -10.403  31.508
  22.073 -10.624  32.829  23.742 -11.018  32.799  24.759  -9.570  33.106  23.798
 -11.355  33.909  22.936 -10.985  33.900  21.908 -12.425  33.696  22.910 -11.111
  35.288  23.559 -11.911  35.718  24.422 -10.104  35.944  23.199  -9.742  30.470
  23.805  -8.528  30.623  23.644 -10.244  29.478  24.556 -11.248  29.462  24.663
  -9.464  28.389  25.179  -8.459  28.412  24.758  -9.337  28.625  26.699 -10.331
  28.624  27.150  -8.764  27.806  27.135  -8.620  29.941  27.048  -7.656  29.970
  26.538  -9.221  30.787  26.711  -8.394  30.065  28.561  -9.359  30.033  29.072
  -7.782  29.229  28.905  -7.686  31.388  28.887  -6.728  31.417  28.359  -8.299
  32.216  28.516  -7.462  31.545  30.345  -6.885  30.804  30.712  -6.997  32.418
  30.546  -8.333  31.542  30.853  -9.988  26.979  24.844  -9.596  26.008  25.493
 -10.877  26.847  23.857 -11.082  27.661  23.290 -11.415  25.554  23.396 -11.326
  24.824  24.203 -12.913  25.674  23.073 -13.075  26.458  22.332 -13.240  24.727
  22.645 -13.745  25.965  24.337 -13.335  25.381  25.165 -13.642  27.021  24.596
 -15.237  25.610  24.196 -15.760  25.461  23.071 -15.933  25.479  25.230 -10.619
  24.975  22.214  -9.951  25.706  21.476 -10.664  23.651  22.038 -11.277  23.100
  22.632  -9.888  22.941  21.004  -8.894  23.386  20.973  -9.692  21.447  21.327
  -8.932  21.054  20.651  -9.222  21.187  22.758 -10.000  21.453  23.472  -8.975
  20.132  22.876  -8.329  21.779  22.962 -10.877  20.712  21.118 -10.695  19.809
  21.413 -10.496  23.092  19.607 -11.679  23.394  19.450  -9.703  22.814  18.566
  -8.726  22.627  18.743 -10.174  22.763  17.174 -10.482  23.756  16.846  -9.010
  22.295  16.287  -8.239  23.066  16.275  -8.572  21.390  16.711  -9.415  21.999
  14.868  -9.574  22.942  13.852  -9.984  22.247  12.779 -10.206  22.679  11.812
 -10.099  20.942  13.076 -10.417  20.216  12.435  -9.748  20.766  14.391  -9.752
  19.838  14.948 -11.399  21.850  17.013 -12.402  22.257  16.430 -11.358  20.646
  17.594 -10.531  20.391  18.113 -12.471  19.694  17.524 -12.774  19.597  16.480
 -12.020  18.309  18.016 -11.656  18.386  19.042 -12.887  17.646  18.008 -10.925
  17.692  17.124 -11.273  17.686  16.090 -10.023  18.302  17.174 -10.553  16.258
  17.509 -11.029  15.679  18.478  -9.675  15.620  16.766  -9.429  14.674  17.020
  -9.262  16.071  15.958 -13.711  20.179  18.295 -14.831  19.937  17.845 -13.544
  20.907  19.406 -12.603  21.092  19.733 -14.658  21.530  20.133 -15.434  20.782
  20.302 -14.176  22.035  21.504 -13.265  22.615  21.365 -14.935  22.690  21.934
 -13.916  20.884  22.493 -14.874  20.442  22.771 -13.326  20.107  22.010 -13.179
  21.308  23.767 -12.605  22.383  23.890 -13.157  20.468  24.779 -12.671  20.746
  25.619 -13.616  19.571  24.712 -15.303  22.665  19.321 -16.528  22.701  19.192
 -14.504  23.543  18.703 -13.501  23.465  18.854 -15.005  24.638  17.851 -15.750
  25.200  18.416 -13.868  25.609  17.474 -13.044  25.054  17.023 -14.321  26.698
  16.495 -15.150  27.265  16.919 -13.489  27.373  16.290 -14.638  26.254  15.553
 -13.365  26.329  18.727 -12.925  25.622  19.427 -12.609  27.069  18.464 -14.204
  26.824  19.207 -15.722  24.100  16.612 -16.845  24.517  16.324 -15.130  23.116
  15.925 -14.194  22.825  16.200 -15.785  22.406  14.815 -16.059  23.135  14.053
 -14.833  21.377  14.170 -14.383  20.769  14.956 -15.542  20.436  13.185 -16.054
  21.013  12.414 -14.812  19.776  12.717 -16.265  19.811  13.709 -13.718  22.082
  13.386 -13.188  22.786  14.026 -13.003  21.341  13.030 -14.134  22.616  12.533
 -17.089  21.756  15.281 -18.098  21.897  14.598 -17.121  21.120  16.459 -16.259
  21.030  16.983 -18.341  20.493  16.995 -18.724  19.798  16.247 -18.050  19.684
  18.265 -17.644  20.336  19.039 -18.983  19.249  18.629 -17.134  18.640  17.995
 -16.251  19.055  17.899 -19.457  21.505  17.280 -20.604  21.254  16.905 -19.145
  22.673  17.869 -18.182  22.819  18.164 -20.137  23.746  18.103 -20.971  23.340
  18.679 -19.517  24.915  18.891 -18.586  25.230  18.415 -20.216  25.753  18.853
 -19.259  24.596  20.370 -20.164  24.181  20.817 -18.457  23.864  20.456 -18.869
  25.881  21.115 -18.015  26.332  20.605 -19.695  26.594  21.078 -18.488  25.624
  22.515 -17.490  25.563  22.708 -19.271  25.487  23.569 -20.571  25.507  23.491
 -21.017  25.614  22.598 -21.124  25.373  24.320 -18.757  25.320  24.750 -17.745
  25.333  24.872 -19.356  25.216  25.552 -20.746  24.274  16.801 -21.932  24.601
  16.777 -19.960  24.331  15.724 -18.984  24.082  15.842 -20.413  24.794  14.402
 -21.110  25.621  14.545 -19.211  25.338  13.594 -18.456  24.552  13.536 -19.638
  25.715  12.161 -20.476  26.411  12.189 -18.816  26.181  11.621 -19.936  24.825
  11.607 -18.591  26.564  14.310 -19.256  27.420  14.202 -18.489  26.361  15.373
 -17.189  26.936  13.817 -17.227  27.282  12.789 -16.789  27.736  14.441 -16.530
  26.070  13.889 -21.193  23.688  13.668 -22.281  23.937  13.150 -20.687  22.448
  13.677 -19.783  22.319  14.124 -21.298  21.265  13.037 -21.509  21.508  11.994
 -20.265  20.122  13.073 -19.327  20.491  12.653 -20.083  19.833  14.110 -20.685
  18.880  12.271 -21.574  18.435  12.719 -20.910  19.173  11.244 -19.560  17.837
  12.264 -18.668  18.282  11.817 -19.334  17.557  13.295 -19.944  16.634  11.500
 -20.848  16.634  11.053 -19.220  15.540  11.332 -18.034  15.397  11.849 -17.638
  16.140  12.400 -17.516  14.546  11.697 -19.685  14.550  10.629 -20.599  14.613
  10.208 -19.130  13.718  10.504 -22.639  20.862  13.667 -23.490  20.301  12.978
 -22.858  21.189  14.943 -22.081  21.559  15.477 -24.129  20.982  15.643 -24.454
  19.955  15.465 -23.874  21.139  17.148 -23.521  22.148  17.366 -24.799  20.959
  17.698 -23.128  20.414  17.476 -25.278  21.902  15.167 -26.438  21.638  15.495
 -24.999  22.964  14.398 -24.039  23.143  14.133 -26.029  23.840  13.835 -26.760
  24.057  14.616 -25.385  25.169  13.423 -24.656  25.002  12.630 -26.153  25.848
  13.054 -24.888  25.626  14.280 -26.771  23.170  12.659 -26.146  22.572  11.777
 -28.105  23.286  12.625 -28.561  23.766  13.388 -28.944  22.656  11.589 -28.490
  21.707  11.301 -30.346  22.353  12.158 -30.817  23.294  12.446 -30.949  21.913
  11.362 -30.376  21.397  13.370 -29.802  21.828  14.190 -31.819  21.216  13.841
 -32.419  20.765  13.050 -31.841  20.573  14.721 -32.244  22.185  14.107 -29.809
  20.013  13.044 -28.745  20.090  12.820 -29.927  19.356  13.905 -30.332  19.585
  12.189 -29.035  23.486  10.295 -29.081  22.910   9.206 -29.031  24.821  10.401
 -28.981  25.208  11.331 -29.027  25.750   9.261 -28.633  25.236   8.382 -30.466
  26.205   8.936 -30.957  26.569   9.839 -30.428  27.031   8.224 -31.310  25.114
   8.298 -31.024  24.633   7.210 -32.387  24.702   8.927 -32.950  23.986   8.490
 -32.650  25.105   9.813 -28.093  26.949   9.500 -27.082  27.080   8.806 -28.395
  27.811  10.475 -29.217  27.644  11.034 -27.656  29.053  10.722 -27.045  29.259
   9.849 -28.650  30.214  10.838 -29.291  30.073  11.710 -28.105  31.153  10.943
 -29.267  30.265   9.939 -26.700  28.971  11.929 -27.016  28.345  12.944 -25.548
  29.643  11.828 -25.375  30.148  10.962 -24.518  29.755  12.877 -24.982  29.525
  13.836 -23.387  28.722  12.657 -23.846  27.736  12.587 -22.581  28.957  11.373
 -22.000  29.876  11.444 -21.903  28.121  11.205 -23.258  29.026  10.525 -22.390
  28.685  13.823 -22.919  28.495  14.755 -21.676  27.879  13.666 -21.846  29.626
  13.902 -23.986  31.190  12.959 -23.762  31.839  11.934 -23.764  31.685  14.180
 -23.959  31.079  14.974 -23.144  32.992  14.459 -23.098  33.576  13.539 -23.985
  33.777  15.478 -24.142  33.152  16.355 -23.433  34.667  15.785 -25.342  34.220
  14.905 -25.164  34.936  14.101 -25.874  33.364  14.488 -26.232  34.885  15.966
 -25.684  35.700  16.440 -27.095  35.322  15.460 -26.721  33.909  16.965 -27.411
  33.245  16.648 -26.369  33.792  18.234 -25.520  34.590  18.814 -25.176  35.391
  18.315 -25.360  34.511  19.804 -26.869  32.836  18.958 -27.562  32.218  18.568
 -26.572  32.717  19.914 -21.708  32.806  14.942 -21.439  31.911  15.743 -20.801
  33.659  14.477 -21.122  34.392  13.851 -19.374  33.641  14.809 -19.205  32.998
  15.673 -18.559  33.097  13.615 -18.723  33.758  12.762 -17.499  33.145  13.869
 -18.893  31.657  13.178 -19.956  31.574  12.952 -18.110  31.293  11.916 -17.038
  31.348  12.106 -18.374  30.285  11.597 -18.370  31.984  11.118 -18.529  30.635
  14.250 -19.126  30.810  15.142 -18.742  29.633  13.885 -17.471  30.715  14.502
 -18.909  35.054  15.177 -19.088  35.984  14.390 -18.283  35.215  16.344 -18.136
  34.390  16.920 -17.558  36.438  16.703 -17.914  37.255  16.077 -17.828  36.808
  18.173 -18.889  36.686  18.395 -17.268  36.115  18.798 -17.406  38.245  18.529
 -16.455  38.474  18.051 -18.453  39.262  18.079 -19.393  39.090  18.602 -18.104
  40.273  18.291 -18.620  39.170  17.011 -17.235  38.399  20.038 -16.424  37.761
  20.382 -16.993  39.431  20.287 -18.157  38.118  20.546 -16.069  36.226  16.410
 -15.506  35.211  16.824 -15.440  37.159  15.694 -15.971  37.973  15.399 -14.085
  37.012  15.140 -13.586  36.220  15.691 -14.127  36.590  13.652 -13.101  36.507
  13.293 -14.780  35.215  13.461 -15.843  35.261  13.700 -14.660  34.894  12.428
 -14.296  34.488  14.110 -14.852  37.602  12.755 -14.397  38.586  12.852 -14.777
  37.288  11.715 -15.905  37.667  13.028 -13.224  38.269  15.314 -13.736  39.363
  15.549 -11.905  38.116  15.178 -11.567  37.172  15.013 -10.901  39.198  15.164
 -11.412  40.157  15.065 -10.115  39.222  16.496  -9.871  38.199  16.781  -8.806
  40.020  16.452  -8.998  41.042  16.128  -8.351  40.040  17.443  -8.101  39.548
  15.769 -10.972  39.843  17.607 -11.926  39.325  17.677 -10.458  39.757  18.565
 -11.154  40.896  17.393  -9.992  39.050  13.936  -9.588  37.939  13.585  -9.673
  40.165  13.275  -9.983  41.049  13.649  -8.851  40.195  12.053  -9.126  39.330
  11.448  -9.150  41.459  11.217  -8.775  42.325  11.761  -8.579  41.401  10.289
 -10.621  41.723  10.849 -11.488  40.823  10.931 -10.922  42.863  10.429  -7.336
  40.109  12.368  -6.901  40.603  13.416  -6.501  39.533  11.479  -6.873  38.860
  10.240  -7.545  39.468   9.634  -7.342  37.906  10.479  -5.568  38.615   9.484
  -5.336  39.480   8.860  -5.614  37.709   8.878  -4.537  38.496  10.606  -3.531
  38.740  10.259  -4.559  37.486  11.016  -5.048  39.486  11.658  -4.813  39.096
  12.649  -4.396  40.872  11.508  -4.804  41.689  10.678  -3.343  41.127  12.287
  -3.048  40.411  12.938  -2.529  42.351  12.245  -2.517  42.734  11.222  -3.168
  43.425  13.152  -4.179  43.618  12.792  -3.236  43.042  14.172  -2.385  44.748
  13.175  -1.414  44.580  13.647  -2.210  45.072  12.146  -3.124  45.865  13.928
  -4.302  46.154  13.617  -2.516  46.488  14.830  -1.073  42.051  12.652  -0.825
  41.205  13.516  -0.107  42.750  12.048  -0.368  43.439  11.354   1.322  42.687
  12.404   1.401  42.445  13.465   2.041  41.563  11.631   1.535  40.620  11.844
   2.083  41.760  10.114   2.626  42.671   9.862   2.581  40.909   9.648   1.070
  41.825   9.719   3.381  41.455  12.065   3.682  40.568  11.822   2.009  44.042
  12.201   1.563  44.863  11.394   3.104  44.277  12.928   3.418  43.535  13.539
   3.967  45.462  12.791   3.375  46.285  12.388   4.472  45.897  14.179   5.131
  45.118  14.569   5.062  46.808  14.070   3.355  46.167  15.198   2.263  46.657
  14.831   3.558  45.901  16.404   5.139  45.244  11.807   5.882  46.180  11.506
   5.316  44.021  11.295   4.652  43.302  11.557   6.340  43.664  10.302   7.248
  44.227  10.528   6.671  42.167  10.454   6.954  41.988  11.493   5.778  41.579
  10.235   7.821  41.694   9.551   7.484  41.694   8.513   8.647  42.405   9.640
   8.327  40.284   9.908   7.526  39.408  10.314   9.546  40.021   9.767   5.909
  44.035   8.866   4.722  43.992   8.531   6.864  44.387   7.996   7.825  44.400
   8.306   6.593  44.702   6.586   5.732  45.371   6.558   7.794  45.461   5.986
   7.977  46.359   6.579   8.681  44.829   6.054   7.609  45.874   4.513   8.509
  46.392   4.181   7.503  44.984   3.892   6.418  46.807   4.295   6.305  47.868
   4.896   5.478  46.461   3.444   4.713  47.100   3.290   5.534  45.576   2.932
   6.237  43.440   5.775   6.920  42.415   5.869   5.193  43.540   4.940   4.706
  44.424   4.914   4.738  42.505   3.994   5.167  41.546   4.285   3.196  42.378
   4.073   2.753  43.316   3.734   2.880  41.599   3.378   2.612  42.046   5.460
   2.868  42.834   6.169   1.090  41.969   5.359   0.799  41.176   4.670   0.667
  41.766   6.342   0.698  42.921   5.000   3.123  40.708   5.994   4.195  40.769
   6.170   2.633  40.479   6.940   2.915  39.915   5.276   5.247  42.758   2.568
   5.516  41.773   1.848   5.375  43.938   2.173
  -5.289  46.558  20.275  -5.538  47.525  20.431  -4.377  46.408  20.679  -5.954
  45.981  20.769  -5.283  46.256  18.817  -4.558  46.921  18.341  -4.868  44.797
  18.491  -5.466  44.111  19.096  -5.097  44.584  17.444  -3.378  44.474  18.726
  -3.082  44.800  19.725  -3.252  43.390  18.677  -2.447  45.106  17.678  -2.687
  44.685  16.699  -2.608  46.185  17.647  -1.031  44.843  17.985  -0.825  44.283
  18.798   0.019  45.284  17.317  -0.079  45.999  16.236  -0.993  46.221  15.847
   0.764  46.295  15.750   1.212  45.004  17.745   1.336  44.458  18.581   2.026
  45.365  17.251  -6.626  46.638  18.184  -6.720  47.722  17.605  -7.669  45.803
  18.296  -7.555  44.933  18.800  -9.017  46.071  17.759  -9.211  47.145  17.807
  -9.088  45.640  16.279 -10.027  45.997  15.854  -8.277  46.121  15.732  -9.013
  44.119  16.068  -8.100  43.735  16.523  -9.861  43.654  16.571  -9.054  43.591
  14.333  -7.382  44.067  13.807  -6.642  43.568  14.433  -7.226  43.770  12.770
  -7.256  45.146  13.887 -10.112  45.369  18.583  -9.830  44.413  19.312 -11.364
  45.812  18.437 -11.525  46.587  17.809 -12.544  45.120  18.975 -12.253  44.647
  19.910 -13.664  46.134  19.286 -13.940  46.637  18.356 -14.542  45.587  19.636
 -13.311  47.205  20.338 -12.439  47.769  20.009 -14.480  48.179  20.487 -15.368
  47.649  20.832 -14.222  48.957  21.206 -14.692  48.649  19.526 -13.021  46.601
  21.713 -12.120  45.990  21.672 -12.857  47.399  22.437 -13.862  45.989  22.038
 -13.042  44.019  18.007 -12.868  44.168  16.792 -13.680  42.934  18.497 -13.790
  42.539  19.897 -14.684  42.987  20.332 -12.910  42.810  20.479 -13.921  41.019
  19.879 -14.448  40.646  20.757 -12.932  40.565  19.800 -14.707  40.773  18.595
 -15.770  40.908  18.797 -14.514  39.777  18.194 -14.217  41.869  17.643 -13.397
  41.468  17.047 -15.336  42.314  16.685 -16.004  43.331  16.898 -15.564  41.504
  15.647 -14.971  40.680  15.582 -16.570  41.661  14.583 -17.176  42.547  14.779
 -15.810  41.862  13.257 -15.213  42.772  13.346 -15.126  41.023  13.112 -16.706
  41.985  12.014 -17.149  41.015  11.783 -17.508  42.695  12.220 -15.924  42.490
  10.790 -16.615  42.602   9.954 -15.530  43.483  11.017 -14.797  41.606  10.418
 -13.941  41.701  10.944 -14.735  40.751   9.413 -15.732  40.521   8.610 -16.608
  40.992   8.754 -15.607  39.882   7.835 -13.636  40.103   9.185 -12.824  40.275
   9.777 -13.580  39.464   8.412 -17.505  40.446  14.559 -17.053  39.324  14.777
 -18.800  40.659  14.313 -19.097  41.602  14.116 -19.827  39.606  14.320 -19.405
  38.715  14.788 -21.014  40.067  15.191 -20.645  40.334  16.183 -21.434  40.969
  14.742 -22.150  39.036  15.349 -22.521  38.744  14.367 -21.702  37.782  16.104
 -21.302  38.053  17.081 -22.551  37.112  16.237 -20.941  37.253  15.537 -23.306
  39.662  16.127 -23.670  40.543  15.598 -24.124  38.946  16.214 -22.974  39.953
  17.125 -20.254  39.207  12.899 -20.566  40.067  12.071 -20.315  37.900  12.645
 -20.008  37.262  13.373 -20.698  37.283  11.375 -21.075  38.046  10.692 -19.448
  36.641  10.748 -19.042  35.899  11.439 -19.718  36.141   9.818 -18.179  37.898
  10.403 -17.271  37.073   9.870 -21.814  36.241  11.582 -21.861  35.569  12.615
 -22.690  36.065  10.587 -22.613  36.648   9.766 -23.748  35.048  10.584 -23.535
  34.303  11.351 -25.084  35.715  10.941 -24.982  36.254  11.885 -25.357  36.427
  10.159 -26.385  34.456  11.103 -27.402  35.295  11.289 -23.792  34.316   9.231
 -23.795  34.955   8.175 -23.784  32.981   9.268 -23.834  32.537  10.182 -23.688
  32.085   8.113 -23.698  32.661   7.186 -22.385  31.257   8.176 -22.398  30.667
   9.092 -22.429  30.556   7.344 -21.021  31.970   8.086 -21.000  32.604   7.202
 -20.644  32.802   9.315 -20.793  32.220  10.225 -19.605  33.115   9.244 -21.243
  33.704   9.353 -19.945  30.892   7.937 -20.091  30.359   6.998 -18.956  31.345
   7.922 -19.998  30.189   8.769 -24.883  31.119   8.104 -25.286  30.634   9.159
 -25.396  30.757   6.926 -25.037  31.187   6.086 -26.434  29.725   6.766 -26.584
  29.232   7.725 -27.777  30.373   6.395 -28.002  31.144   7.134 -27.695  30.841
   5.413 -28.924  29.350   6.390 -28.765  28.635   5.580 -28.897  28.801   7.334
 -30.311  29.995   6.222 -30.436  31.080   5.607 -31.312  29.402   6.687 -25.996
  28.634   5.773 -25.449  28.932   4.710 -26.210  27.365   6.140 -26.682  27.211
   7.024 -25.665  26.179   5.464 -24.578  26.280   5.427 -26.001  24.946   6.325
 -25.637  25.118   7.339 -27.085  24.825   6.368 -25.372  23.647   5.802 -25.764
  23.431   4.808 -24.290  23.772   5.742 -25.698  22.467   6.729 -25.275  22.656
   7.717 -26.783  22.373   6.819 -25.120  21.163   6.160 -25.520  21.011   5.152
 -24.033  21.261   6.079 -25.456  19.995   7.011 -26.454  19.869   7.086 -25.075
  19.145   6.623 -25.085  20.097   7.943 -26.171  26.035   4.021 -27.379  26.064
   3.776 -25.243  25.835   3.086 -24.276  25.805   3.392 -25.502  25.480   1.685
 -26.540  25.686   1.424 -24.868  26.097   1.049 -25.208  24.001   1.377 -24.834
  23.241   2.279 -25.320  23.569   0.105 -25.707  24.375  -1.045 -25.180  25.330
  -1.070 -26.785  24.540  -1.026 -25.333  23.544  -2.272 -24.291  23.728  -2.538
 -25.989  23.754  -3.117 -25.493  22.110  -1.770 -24.895  21.409  -2.353 -26.547
  21.828  -1.812 -25.045  22.185  -0.305 -25.654  21.500   0.287 -23.569  21.773
  -0.135 -23.264  20.580  -0.082 -22.659  22.746  -0.008 -22.981  23.701  -0.098
 -21.230  22.576   0.280 -20.982  21.519   0.162 -20.411  23.352  -0.775 -19.353
  23.139  -0.621 -20.673  22.991  -1.770 -20.605  24.864  -0.756 -21.569  25.405
  -0.230 -19.701  25.602  -1.357 -19.837  26.599  -1.381 -18.908  25.169  -1.806
 -20.851  22.924   1.743 -19.683  23.194   2.030 -21.818  22.929   2.672 -22.769
  22.743   2.378 -21.603  23.266   4.086 -22.393  22.822   4.689 -20.655  22.845
   4.421 -21.597  24.777   4.339 -22.489  25.487   3.870 -20.601  25.273   5.077
 -19.906  24.626   5.442 -20.348  26.710   5.269 -21.223  27.271   4.948 -20.141
  27.000   6.760 -19.296  26.411   7.121 -19.877  28.050   6.869 -21.356  26.735
   7.633 -22.501  27.544   7.496 -22.516  28.336   6.763 -23.628  27.320   8.309
 -24.496  27.954   8.225 -23.621  26.272   9.252 -24.725  26.037  10.006 -25.509
  26.458   9.621 -22.474  25.465   9.396 -22.473  24.667  10.126 -21.343  25.697
   8.587 -20.467  25.070   8.694 -19.176  27.236   4.420 -19.058  28.448   4.233
 -18.341  26.343   3.878 -18.434  25.378   4.182 -17.308  26.645   2.882 -16.883
  25.702   2.539 -17.748  27.130   2.018 -16.156  27.492   3.422 -15.740  28.474
   2.801 -15.646  27.099   4.587 -16.067  26.295   5.034 -14.375  27.555   5.144
 -13.728  27.852   4.319 -14.577  28.785   6.043 -13.596  29.215   6.243 -15.132
  29.535   5.483 -15.265  28.556   7.377 -14.519  28.613   8.571 -13.449  28.763
   8.538 -15.166  28.498   9.813 -14.596  28.560  10.727 -16.558  28.317   9.867
 -17.059  28.249  10.819 -17.303  28.236   8.680 -18.373  28.100   8.730 -16.658
  28.354   7.436 -17.236  28.309   6.525 -13.666  26.412   5.879 -14.258  25.368
   6.164 -12.374  26.597   6.141 -11.967  27.487   5.871 -11.517  25.661   6.868
 -12.087  24.768   7.115 -10.294  25.245   6.023  -9.719  26.143   5.811  -9.671
  24.595   6.639 -10.493  24.543   4.694  -9.522  23.729   4.098  -9.993  23.406
   2.881  -9.478  22.781   2.159 -11.190  23.978   2.678 -11.749  23.910   1.823
 -11.512  24.710   3.798 -12.387  25.327   3.910 -11.050  26.306   8.180 -10.820
  27.516   8.216 -10.835  25.510   9.228 -11.033  24.521   9.113 -10.204  25.937
  10.489 -10.030  27.011  10.459 -11.130  25.631  11.684 -11.445  24.589  11.611
 -10.557  25.734  12.607 -12.380  26.521  11.805 -12.933  26.512  10.869 -13.275
  25.976  12.917 -12.746  26.012  13.868 -14.186  26.570  12.980 -13.542  24.944
  12.702 -12.049  27.968  12.167 -11.524  28.434  11.339 -12.962  28.529  12.355
 -11.420  27.998  13.056  -8.829  25.279  10.693  -8.597  24.171  10.200  -7.951
  25.942  11.454  -8.212  26.874  11.768  -6.673  25.419  11.966  -6.782  24.344
  12.107  -5.549  25.647  10.934  -4.699  25.027  11.221  -5.878  25.284   9.961
  -5.055  27.074  10.789  -5.830  28.189  10.456  -4.984  29.225  10.356  -5.275
  30.241  10.115  -3.726  28.821  10.595  -2.907  29.420  10.586  -3.750  27.468
  10.857  -2.902  26.833  11.078  -6.297  26.018  13.340  -6.930  26.959  13.828
  -5.255  25.459  13.966  -4.776  24.711  13.490  -4.625  25.974  15.193  -5.311
  26.638  15.721  -4.404  25.138  15.855  -3.318  26.740  14.932  -2.900  26.921
  13.789  -2.644  27.177  15.999  -3.017  26.989  16.920  -1.324  27.826  15.930
  -0.823  27.494  15.019  -1.502  29.355  15.825  -2.118  29.566  14.950  -2.030
  29.721  16.706  -0.168  30.107  15.686   0.392  30.026  16.620   0.424  29.629
  14.902  -0.361  31.587  15.322  -0.930  31.890  14.249   0.104  32.467  16.082
  -0.427  27.410  17.114  -0.907  27.217  18.236   0.885  27.264  16.866   1.214
  27.474  15.933   1.873  26.760  17.837   1.589  25.741  18.107   3.257  26.703
  17.159   3.172  26.126  16.236   3.577  27.715  16.902   4.328  26.045  18.046
   4.454  26.624  18.962   4.007  25.035  18.307   5.677  25.972  17.315   5.562
  25.380  16.405   5.996  26.981  17.046   6.735  25.324  18.217   6.825  25.911
  19.136   6.398  24.320  18.492   8.054  25.243  17.543   8.397  26.158  17.295
   8.741  24.815  18.146   8.004  24.690  16.702   1.895  27.598  19.124   2.156
  28.802  19.092   1.628  26.950  20.260   1.425  25.963  20.200   1.620  27.566
  21.593   1.637  26.772  22.340   2.527  28.159  21.716   0.418  28.472  21.908
   0.421  29.120  22.959  -0.601  28.544  21.037  -0.557  27.968  20.203  -1.812
  29.371  21.226  -1.609  30.124  21.990  -2.170  30.107  19.917  -2.513  29.371
  19.188  -3.001  30.786  20.112  -1.025  30.913  19.273  -0.239  30.226  18.959
  -1.420  31.396  18.379  -0.415  31.994  20.178  -1.197  32.690  20.489   0.028
  31.532  21.061   0.675  32.752  19.406   1.447  32.041  19.094   0.235  33.180
  18.500   1.286  33.828  20.225   1.722  33.459  21.056   1.998  34.317  19.703
   0.600  34.510  20.509  -2.999  28.541  21.737  -3.083  27.341  21.465  -3.926
  29.184  22.456  -3.771  30.160  22.659  -5.133  28.539  23.009  -4.959  27.465
  23.077  -5.393  29.054  24.441  -5.624  30.120  24.392  -6.275  28.544  24.828
  -4.247  28.847  25.451  -3.361  29.386  25.116  -4.660  29.404  26.814  -5.524
  28.861  27.195  -3.833  29.303  27.518  -4.908  30.461  26.719  -3.887  27.371
  25.637  -3.485  26.965  24.710  -3.125  27.273  26.410  -4.771  26.804  25.929
  -6.386  28.700  22.121  -7.274  27.847  22.172  -6.455  29.759  21.303  -5.685
  30.407  21.316  -7.553  30.026  20.360  -8.495  29.692  20.799  -7.632  31.101
  20.195  -7.387  29.344  18.993  -6.314  28.829  18.667  -8.453  29.363  18.183
  -9.273  29.864  18.494  -8.521  28.737  16.851  -7.569  28.249  16.640  -9.612
  27.645  16.821 -10.591  28.128  16.808  -9.513  27.083  15.891  -9.588  26.652
  18.003  -9.879  27.181  18.911 -10.341  25.884  17.831  -8.243  25.961  18.244
  -7.446  25.718  17.348  -7.947  25.595  19.471  -7.034  25.210  19.642  -8.594
  25.797  20.232  -8.734  29.781  15.737  -9.289  30.858  15.979  -8.296  29.465
  14.516  -7.894  28.543  14.366  -8.190  30.403  13.390  -8.729  31.318  13.628
  -6.710  30.765  13.174  -6.160  29.853  12.942  -6.635  31.419  12.305  -6.030
  31.449  14.346  -5.474  30.682  15.389  -5.534  29.602  15.353  -4.852  31.314
  16.484  -4.447  30.719  17.289  -4.763  32.723  16.522  -4.176  33.351  17.575
  -3.807  32.726  18.206  -5.293  33.488  15.462  -5.202  34.564  15.489  -5.937
  32.853  14.383  -6.357  33.444  13.579  -8.790  29.834  12.093  -8.918  28.620
  11.938  -9.145  30.712  11.148  -9.041  31.699  11.364  -9.605  30.349   9.799
 -10.148  29.407   9.867 -10.594  31.396   9.232 -10.096  32.366   9.205 -11.017
  31.032   7.794 -11.546  30.079   7.781 -11.666  31.808   7.392 -10.154  30.973
   7.134 -11.825  31.502  10.164 -12.231  30.506  10.341 -11.495  31.911  11.118
 -12.966  32.391   9.658 -13.469  31.913   8.818 -13.691  32.536  10.459 -12.579
  33.361   9.349  -8.401  30.110   8.878  -7.524  30.965   8.738  -8.394  28.955
   8.209  -9.184  28.340   8.376  -7.301  28.452   7.361  -6.365  28.913   7.680
  -7.215  26.939   7.616  -7.075  26.773   8.680  -8.169  26.484   7.366  -6.121
  26.172   6.867  -6.151  25.154   7.246  -6.353  26.153   5.801  -4.697  26.703
   7.063  -4.599  27.660   6.547  -4.515  26.855   8.127  -3.712  25.738   6.536
  -4.041  24.803   6.320  -2.425  25.946   6.325  -1.849  27.091   6.555  -2.394
  27.860   6.906  -0.865  27.207   6.375  -1.680  24.985   5.868  -2.086  24.081
   5.677  -0.698  25.142   5.703  -7.483  28.785   5.879  -6.503  29.066   5.189
  -8.729  28.757   5.405  -9.465  28.538   6.062  -9.146  29.057   4.032  -8.573
  29.909   3.665  -8.861  27.824   3.141  -7.800  27.582   3.208  -9.417  26.978
   3.544  -9.229  27.962   1.649 -10.296  28.160   1.551  -8.443  29.076   0.955
  -7.372  28.893   1.051  -8.705  29.103  -0.103  -8.682  30.046   1.387  -8.928
  26.656   0.917  -9.499  25.848   1.368  -9.218  26.745  -0.130  -7.864  26.425
   0.980 -10.639  29.422   4.022 -11.394  28.920   4.854 -11.077  30.245   3.068
 -10.407  30.623   2.414 -12.499  30.474   2.759 -13.105  29.748   3.300 -12.964
  31.874   3.203 -12.397  32.634   2.664 -14.453  32.075   2.915 -15.033  31.301
   3.412 -14.771  33.054   3.273 -14.638  32.025   1.844 -12.752  32.079   4.708
 -11.688  32.062   4.941 -13.156  33.040   5.012 -13.255  31.293   5.267 -12.724
  30.232   1.266 -11.962  30.728   0.433 -13.732  29.430   0.924 -14.361  29.101
   1.649 -13.940  28.907  -0.434 -12.958  28.837  -0.899 -14.500  27.474  -0.365
 -15.498  27.490   0.076 -14.575  27.091  -1.383 -13.591  26.535   0.454 -12.555
  26.709   0.153 -13.676  26.782   1.516 -13.911  25.043   0.262 -15.050  24.681
  -0.116 -13.011  24.203   0.498 -14.815  29.836  -1.310 -15.679  30.539  -0.774
 -14.637  29.862  -2.651 -13.639  29.129  -3.424 -14.026  28.139  -3.671 -12.685
  29.040  -2.905 -13.433  29.938  -4.703 -13.110  29.309  -5.533 -12.711  30.737
  -4.520 -14.814  30.538  -4.945 -15.445  29.797  -5.440 -14.759  31.450  -5.541
 -15.325  30.818  -3.526 -15.004  31.821  -3.240 -16.858  30.746  -3.449 -17.458
  29.685  -3.643 -17.499  31.889  -3.193 -16.937  32.718  -3.010 -18.957  32.043
  -3.134 -19.186  33.108  -3.084 -19.396  31.644  -4.049 -19.642  31.366  -1.939
 -20.863  31.188  -1.969 -18.894  30.954  -0.909 -17.896  31.133  -0.920 -19.441
  30.233   0.247 -20.093  29.448  -0.135 -18.314  29.553   1.026 -18.766  28.857
   1.726 -17.679  28.993   0.338 -17.528  30.467   1.765 -16.758  29.967   2.085
 -20.258  31.120   1.199 -20.097  32.345   1.194 -21.083  30.531   2.088 -21.578
  29.161   2.042 -20.813  28.471   2.394 -21.901  28.885   1.037 -22.772  29.131
   2.992 -22.919  28.144   3.430 -23.670  29.456   2.463 -22.388  30.171   4.043
 -21.688  29.728   4.754 -23.261  30.569   4.561 -21.690  31.249   3.210 -22.439
  31.939   2.819 -20.683  32.038   4.057 -20.994  33.142   4.497 -19.465  31.521
   4.249 -19.262  30.596   3.888 -18.396  32.231   4.949 -18.795  32.624   5.885
 -17.305  31.216   5.290 -16.984  30.694   4.391 -16.451  31.720   5.742 -17.703
  30.487   5.992 -17.848  33.439   4.164 -17.610  34.490   4.762 -17.703  33.343
   2.837 -17.895  32.454   2.381 -17.309  34.491   2.006 -16.438  34.959   2.468
 -16.897  34.027   0.596 -16.141  33.250   0.689 -17.759  33.611   0.071 -16.310
  35.194  -0.215 -17.118  35.863  -0.519 -15.630  35.762   0.426 -15.542  34.722
  -1.458 -16.175  34.274  -2.440 -14.295  34.844  -1.488 -18.417  35.557   1.949
 -18.141  36.753   2.072 -19.683  35.126   1.853 -19.820  34.124   1.733 -20.878
  35.988   1.918 -20.781  36.788   1.182 -22.123  35.152   1.572 -22.140  34.256
   2.194 -23.019  35.736   1.790 -22.153  34.757   0.086 -22.273  35.658  -0.517
 -21.214  34.279  -0.195 -23.308  33.790  -0.209 -23.170  32.877   0.376 -24.253
  34.258   0.073 -23.328  33.447  -1.704 -23.463  34.371  -2.275 -22.359  33.020
  -1.981 -24.410  32.489  -2.038 -25.317  32.859  -1.795 -24.420  32.288  -3.026
 -24.289  31.612  -1.554 -21.034  36.676   3.281 -21.497  37.816   3.337 -20.594
  36.029   4.362 -20.328  35.058   4.252 -20.509  36.607   5.705 -21.389  37.233
   5.863 -20.568  35.463   6.723 -19.691  34.823   6.619 -20.598  35.871   7.731
 -21.470  34.873   6.559 -19.274  37.513   5.927 -19.179  38.165   6.968 -18.340
  37.586   4.969 -18.463  37.027   4.133 -17.162  38.460   5.030 -16.808  38.622
   4.012 -17.447  39.429   5.442 -15.983  37.911   5.846 -15.216  38.697   6.410
 -15.839  36.584   5.943 -16.513  35.996   5.462 -14.680  35.917   6.553 -14.299
  36.537   7.365 -15.111  34.564   7.150 -15.508  33.944   6.346 -14.229  34.060
   7.545 -16.163  34.662   8.271 -17.040  35.202   7.917 -16.605  33.260   8.682
 -15.752  32.673   9.016 -17.325  33.332   9.493 -17.072  32.765   7.834 -15.616
  35.363   9.516 -15.404  36.407   9.291 -16.349  35.323  10.322 -14.698  34.877
   9.845 -13.526  35.744   5.548 -13.758  35.594   4.346 -12.285  35.723   6.048
 -12.174  35.871   7.049 -11.048  35.482   5.286 -11.293  34.961   4.359 -10.371
  36.829   4.941 -10.218  37.377   5.872  -9.384  36.633   4.518 -11.131  37.740
   3.957 -12.143  37.920   4.317 -10.419  39.091   3.855  -9.403  38.954   3.486
 -10.966  39.744   3.175 -10.385  39.562   4.838 -11.191  37.142   2.548 -11.756
  36.212   2.561 -11.695  37.837   1.877 -10.185  36.950   2.176 -10.075  34.573
   6.066 -10.215  34.370   7.274  -9.058  34.037   5.383  -8.965  34.253   4.402
  -7.976  33.286   6.024  -8.421  32.487   6.620  -7.107  32.634   4.942  -6.625
  33.402   4.336  -6.337  32.019   5.411  -7.720  32.002   4.301  -7.144  34.174
   6.975  -6.888  35.348   6.692  -6.707  33.604   8.101  -6.944  32.629   8.260
  -5.963  34.287   9.167  -5.321  33.558   9.660  -5.325  35.054   8.729  -6.833
  34.951  10.246  -6.292  35.407  11.254  -8.161  34.989  10.082  -8.555  34.596
   9.240  -9.089  35.486  11.111  -8.740  36.463  11.448 -10.512  35.669  10.543
 -10.856  34.700  10.176 -11.169  35.954  11.368 -10.671  36.720   9.423  -9.750
  37.535   9.184 -11.761  36.769   8.803  -9.118  34.557  12.341  -9.107  33.332
  12.207  -9.179  35.137  13.543  -9.232  36.153  13.561  -9.242  34.440  14.840
  -8.818  33.439  14.743  -8.399  35.244  15.846  -7.394  35.358  15.440  -8.828
  36.242  15.944  -8.301  34.609  17.242  -9.293  34.562  17.693  -7.899  33.598
  17.156  -7.381  35.452  18.138  -6.377  35.450  17.708  -7.732  36.486  18.149
  -7.310  34.923  19.515  -6.608  34.224  19.701  -8.038  35.289  20.558  -8.962
  36.202  20.510  -9.123  36.717  19.666  -9.467  36.407  21.366  -7.854  34.746
  21.721  -7.126  34.068  21.866  -8.432  35.071  22.487 -10.693  34.307  15.301
 -11.420  35.296  15.262 -11.111  33.133  15.778 -10.450  32.364  15.816 -12.437
  32.937  16.383 -13.141  33.625  15.912 -12.959  31.505  16.137 -12.134  30.793
  16.193 -13.657  31.262  16.939 -13.720  31.327  14.808 -14.536  32.048  14.768
 -12.840  31.515  13.574 -11.975  30.852  13.624 -13.416  31.291  12.678 -12.500
  32.547  13.511 -14.324  29.924  14.739 -14.976  29.759  15.597 -14.915  29.821
  13.829 -13.529  29.180  14.737 -12.420  33.287  17.880 -11.499  32.916  18.611
 -13.472  33.978  18.325 -14.160  34.262  17.635 -13.680  34.456  19.703 -12.819
  34.183  20.313 -13.816  35.995  19.735 -14.733  36.281  19.221 -13.887  36.535
  21.168 -12.966  36.300  21.698 -14.020  37.617  21.151 -14.725  36.096  21.706
 -12.645  36.700  19.037 -12.647  36.472  17.972 -12.745  37.778  19.157 -11.703
  36.374  19.475 -14.908  33.794  20.334 -14.828  33.296  21.456 -16.029  33.725
  19.606 -16.018  34.099  18.665 -17.268  33.071  20.058 -17.010  32.355  20.836
 -18.280  34.077  20.648 -18.700  34.671  19.836 -19.099  33.508  21.090 -17.717
  35.025  21.718 -17.182  34.440  22.464 -17.002  35.701  21.250 -18.797  35.858
  22.430 -19.885  36.109  21.864 -18.554  36.304  23.575 -17.961  32.291  18.930
 -17.877  32.673  17.761 -18.710  31.247  19.297 -18.727  31.008  20.287 -19.636
  30.508  18.419 -19.700  31.016  17.457 -19.157  29.064  18.159 -19.137  28.520
  19.105 -20.108  28.332  17.202 -20.188  28.877  16.261 -19.732  27.330  17.002
 -21.098  28.235  17.647 -17.746  29.011  17.557 -17.028  29.460  18.241 -17.456
  27.974  17.382 -17.718  29.555  16.616 -21.027  30.513  19.059 -21.175  30.123
  20.216 -22.048  30.983  18.335 -21.852  31.257  17.376 -23.430  31.160  18.821
 -23.930  31.799  18.094 -24.178  29.809  18.794 -23.667  29.106  19.453 -25.191
  29.942  19.171 -24.295  29.207  17.404 -24.411  29.896  16.399 -24.283  27.899
  17.299 -24.398  27.490  16.388 -24.210  27.323  18.123 -23.564  31.939  20.157
 -24.541  31.771  20.891 -22.596  32.809  20.471 -21.843  32.927  19.810 -22.524
  33.579  21.722 -22.029  34.527  21.514 -23.533  33.803  22.071 -21.768  32.903
  22.878 -21.653  33.496  23.951 -21.233  31.693  22.689 -21.355  31.242  21.788
 -20.362  31.004  23.654 -20.534  31.405  24.653 -20.676  29.496  23.684 -20.443
  29.066  22.709 -20.021  29.017  24.414 -22.137  29.143  24.023 -22.785  29.520
  23.228 -22.231  28.055  24.023 -22.622  29.678  25.383 -21.807  29.850  26.320
 -23.846  29.893  25.549 -18.882  31.235  23.309 -18.477  31.037  22.163 -18.062
  31.648  24.281 -18.434  31.766  25.212 -16.644  31.956  24.062 -16.570  32.549
  23.153 -16.133  32.826  25.227 -16.792  33.687  25.345 -16.162  32.250  26.152
 -14.708  33.322  25.023 -13.755  32.555  25.036 -14.514  34.607  24.845 -13.565
  34.941  24.690 -15.294  35.243  24.829 -15.801  30.687  23.827 -15.951  29.689
  24.537 -14.896  30.743  22.842 -14.825  31.614  22.322 -14.054  29.616  22.397
 -14.222  28.782  23.076 -14.466  29.115  20.997 -13.838  28.258  20.765 -15.920
  28.627  20.968 -16.607  29.463  21.087 -16.121  28.130  20.020 -16.082  27.915
  21.776 -14.278  30.149  19.880 -13.255  30.525  19.880 -14.476  29.682  18.915
 -14.969  30.978  20.017 -12.543  29.888  22.476 -11.747  29.079  22.003 -12.112
  30.986  23.105 -12.801  31.595  23.537 -10.701  31.425  23.134 -10.341  31.482
  22.105 -10.605  32.833  23.742 -11.017  32.821  24.752  -9.554  33.114  23.811
 -11.324  33.899  22.905 -10.939  33.870  21.883 -12.394  33.687  22.867 -11.087
  35.288  23.508 -11.886  35.723  24.370 -10.086  35.945  23.134  -9.735  30.474
  23.875  -8.517  30.630  23.763 -10.266  29.487  24.613 -11.273  29.470  24.679
  -9.511  28.405  25.277  -8.491  28.424  24.896  -9.445  28.655  26.799 -10.456
  28.659  27.209  -8.890  27.839  27.265  -8.740  29.973  27.163  -7.756  29.996
  26.692  -9.327  30.817  26.797  -8.573  30.109  28.683  -9.557  30.081  29.156
  -7.975  29.276  29.057  -7.877  31.434  29.024  -6.900  31.458  28.533  -8.474
  32.259  28.624  -7.708  31.604  30.488  -7.146  30.866  30.883  -7.252  32.479
  30.699  -8.598  31.605  30.963 -10.023  26.993  24.932  -9.665  26.028  25.609
 -10.864  26.853  23.905 -11.040  27.662  23.322 -11.399  25.561  23.439 -11.317
  24.831  24.246 -12.894  25.683  23.105 -13.049  26.465  22.360 -13.219  24.735
  22.678 -13.735  25.980  24.362 -13.333  25.398  25.195 -13.632  27.037  24.618
 -15.226  25.627  24.208 -15.739  25.478  23.078 -15.932  25.496  25.236 -10.593
  24.980  22.264  -9.910  25.707  21.536 -10.644  23.657  22.085 -11.269  23.109
  22.670  -9.850  22.942  21.069  -8.853  23.382  21.060  -9.668  21.448  21.399
  -8.902  21.048  20.733  -9.215  21.189  22.836  -9.999  21.465  23.540  -8.981
  20.132  22.960  -8.319  21.772  23.048 -10.854  20.719  21.178 -10.672  19.810
  21.451 -10.421  23.093  19.655 -11.594  23.419  19.464  -9.600  22.794  18.643
  -8.636  22.579  18.855 -10.016  22.748  17.233 -10.288  23.748  16.894  -8.820
  22.259  16.402  -8.023  23.001  16.459  -8.441  21.329  16.829  -9.137  22.014
  14.950  -9.304  23.001  13.976  -9.587  22.343  12.841  -9.786  22.812  11.887
  -9.610  21.017  13.057  -9.836  20.312  12.354  -9.331  20.788  14.383  -9.288
  19.831  14.887 -11.253  21.862  17.024 -12.228  22.295  16.411 -11.260  20.657
  17.606 -10.446  20.368  18.128 -12.404  19.747  17.523 -12.683  19.663  16.472
 -11.992  18.349  18.018 -11.152  17.995  17.418 -11.660  18.424  19.055 -13.120
  17.303  17.948 -12.737  16.356  18.330 -13.946  17.601  18.594 -13.636  17.071
  16.528 -13.057  16.331  15.743 -14.733  17.680  16.138 -15.069  17.503  15.207
 -15.215  18.324  16.762 -13.636  20.284  18.269 -14.747  20.122  17.773 -13.473
  20.953  19.416 -12.537  21.090  19.780 -14.595  21.567  20.139 -15.368  20.812
  20.293 -14.128  22.064  21.517 -13.209  22.635  21.389 -14.887  22.724  21.938
 -13.893  20.907  22.506 -14.859  20.480  22.777 -13.312  20.121  22.024 -13.157
  21.318  23.784 -12.597  22.398  23.926 -13.123  20.460  24.781 -12.637  20.727
  25.624 -13.570  19.558  24.698 -15.241  22.701  19.327 -16.468  22.757  19.225
 -14.438  23.557  18.683 -13.434  23.466  18.819 -14.936  24.628  17.800 -15.686
  25.201  18.346 -13.800  25.595  17.409 -12.974  25.034  16.969 -14.255  26.664
  16.410 -15.082  27.241  16.824 -13.423  27.331  16.188 -14.577  26.201  15.479
 -13.299  26.342  18.647 -12.868  25.648  19.366 -12.536  27.068  18.370 -14.136
  26.857  19.111 -15.642  24.054  16.569 -16.759  24.472  16.258 -15.047  23.052
  15.911 -14.120  22.758  16.208 -15.687  22.335  14.795 -15.935  23.059  14.019
 -14.728  21.293  14.178 -14.281  20.703  14.978 -15.427  20.331  13.207 -15.938
  20.893  12.424 -14.692  19.668  12.752 -16.150  19.713  13.738 -13.610  21.987
  13.387 -13.099  22.716  14.013 -12.880  21.246  13.061 -14.023  22.492  12.515
 -17.011  21.705  15.235 -18.011  21.881  14.544 -17.068  21.048  16.398 -16.209
  20.908  16.921 -18.297  20.433  16.921 -18.698  19.769  16.155 -18.005  19.579
  18.160 -17.459  20.171  18.897 -18.950  19.255  18.600 -17.251  18.431  17.807
 -17.174  17.877  18.598 -19.392  21.457  17.243 -20.548  21.221  16.884 -19.063
  22.616  17.840 -18.095  22.753  18.128 -20.044  23.697  18.086 -20.877  23.295
  18.666 -19.414  24.863  18.871 -18.461  25.144  18.418 -20.087  25.719  18.798
 -19.214  24.563  20.363 -20.141  24.175  20.786 -18.432  23.816  20.489 -18.823
  25.853  21.100 -17.959  26.292  20.598 -19.643  26.573  21.044 -18.462  25.610
  22.507 -17.467  25.555  22.714 -19.258  25.481  23.553 -20.557  25.497  23.460
 -20.992  25.595  22.561 -21.119  25.368  24.284 -18.756  25.327  24.742 -17.745
  25.343  24.873 -19.362  25.229  25.538 -20.662  24.230  16.790 -21.847  24.561
  16.776 -19.885  24.288  15.706 -18.908  24.036  15.814 -20.350  24.754  14.390
 -21.048  25.579  14.541 -19.155  25.305  13.575 -18.397  24.522  13.512 -19.588
  25.683  12.144 -20.424  26.381  12.175 -18.766  26.145  11.601 -19.891  24.793
  11.591 -18.537  26.533  14.289 -19.203  27.388  14.180 -18.436  26.331  15.353
 -17.135  26.905  13.798 -17.172  27.251  12.770 -16.736  27.706  14.421 -16.477
  26.039  13.869 -21.133  23.648  13.659 -22.224  23.899  13.146 -20.631  22.405
  13.668 -19.724  22.275  14.108 -21.252  21.226  13.032 -21.469  21.471  11.991
 -20.227  20.075  13.057 -19.289  20.439  12.633 -20.042  19.778  14.091 -20.666
  18.843  12.249 -21.552  18.400  12.706 -20.903  19.147  11.229 -19.551  17.790
  12.214 -18.663  18.232  11.756 -19.309  17.499  13.239 -19.959  16.597  11.447
 -20.878  16.603  11.030 -19.243  15.505  11.242 -18.040  15.354  11.717 -17.625
  16.090  12.263 -17.528  14.505  11.537 -19.732  14.525  10.543 -20.660  14.594
  10.154 -19.183  13.694  10.389 -22.592  20.828  13.668 -23.450  20.274  12.981
 -22.803  21.149  14.947 -22.022  21.515  15.477 -24.067  20.932  15.656 -24.392
  19.907  15.472 -23.799  21.075  17.161 -23.447  22.083  17.385 -24.718  20.887
  17.718 -23.048  20.350  17.475 -25.224  21.855  15.203 -26.378  21.593  15.552
 -24.956  22.918  14.433 -24.000  23.093  14.149 -25.992  23.806  13.901 -26.683
  24.051  14.710 -25.339  25.113  13.438 -24.646  24.915  12.620 -26.107  25.802
  13.086 -24.798  25.575  14.264 -26.801  23.135  12.770 -26.233  22.480  11.891
 -28.129  23.317  12.769 -28.538  23.843  13.529 -29.027  22.702  11.775 -28.657
  21.703  11.542 -30.447  22.558  12.359 -30.830  23.552  12.595 -31.091  22.131
  11.589 -30.557  21.678  13.622 -29.935  22.095  14.414 -32.006  21.668  14.109
 -32.656  21.240  13.345 -32.084  21.077  15.021 -32.328  22.687  14.325 -30.132
  20.230  13.370 -29.070  20.189  13.132 -30.301  19.636  14.269 -30.707  19.808
  12.546 -29.052  23.466  10.438 -29.066  22.838   9.378 -29.029  24.804  10.481
 -29.009  25.234  11.393 -28.956  25.678   9.301 -28.503  25.125   8.474 -30.373
  26.109   8.866 -30.928  26.490   9.725 -30.294  26.918   8.139 -31.161  24.995
   8.198 -30.787  24.482   7.152 -32.286  24.601   8.749 -32.811  23.870   8.292
 -32.620  25.031   9.598 -28.047  26.895   9.543 -27.020  27.031   8.874 -28.391
  27.770  10.493 -29.231  27.602  11.027 -27.670  29.019  10.750 -27.080  29.255
   9.870 -28.684  30.158  10.910 -29.306  29.986  11.790 -28.156  31.105  11.028
 -29.318  30.218  10.024 -26.694  28.929  11.941 -26.992  28.290  12.954 -25.547
  29.607  11.832 -25.383  30.117  10.966 -24.507  29.721  12.872 -24.964  29.496
  13.836 -23.381  28.683  12.647 -23.845  27.698  12.580 -22.580  28.913  11.360
 -21.990  29.827  11.431 -21.910  28.071  11.188 -23.260  28.990  10.515 -22.379
  28.640  13.808 -22.904  28.449  14.742 -21.666  27.834  13.646 -21.833  29.581
  13.887 -23.968  31.154  12.945 -23.750  31.799  11.916 -23.733  31.653  14.162
 -23.926  31.050  14.960 -23.106  32.959  14.430 -23.065  33.537  13.507 -23.936
  33.755  15.450 -24.088  33.138  16.335 -23.377  34.645  15.744 -25.296  34.199
  14.885 -25.120  34.898  14.066 -25.840  33.340  14.492 -26.165  34.894  15.944
 -25.602  35.713  16.395 -27.030  35.330  15.441 -26.651  33.943  16.969 -27.346
  33.275  16.671 -26.295  33.857  18.239 -25.439  34.664  18.796 -25.089  35.448
  18.275 -25.274  34.608  19.786 -26.800  32.923  18.988 -27.498  32.301  18.615
 -26.504  32.826  19.946 -21.667  32.773  14.903 -21.393  31.881  15.706 -20.763
  33.626  14.428 -21.090  34.356  13.803 -19.334  33.612  14.748 -19.155  32.968
  15.610 -18.528  33.071  13.546 -18.696  33.736  12.698 -17.467  33.115  13.794
 -18.869  31.634  13.105 -19.933  31.555  12.885 -18.097  31.276  11.835 -17.023
  31.327  12.016 -18.365  30.270  11.512 -18.361  31.972  11.042 -18.501  30.604
  14.168 -19.092  30.776  15.065 -18.721  29.605  13.798 -17.442  30.678  14.412
 -18.871  35.027  15.113 -19.062  35.956  14.328 -18.236  35.190  16.275 -18.083
  34.366  16.851 -17.525  36.420  16.637 -17.883  37.233  16.007 -17.812  36.788
  18.104 -18.875  36.660  18.315 -17.255  36.098  18.735 -17.402  38.227  18.465
 -16.447  38.461  17.997 -18.449  39.239  18.004 -19.394  39.064  18.520 -18.107
  40.252  18.217 -18.607  39.144  16.935 -17.248  38.385  19.976 -16.437  37.753
  20.328 -17.015  39.419  20.225 -18.174  38.099  20.474 -16.031  36.224  16.356
 -15.457  35.221  16.787 -15.411  37.154  15.631 -15.950  37.959  15.323 -14.052
  37.014  15.082 -13.547  36.231  15.640 -14.087  36.580  13.598 -13.059  36.504
  13.242 -14.726  35.197  13.415 -15.789  35.233  13.654 -14.604  34.871  12.383
 -14.234  34.480  14.069 -14.820  37.578  12.691 -14.375  38.567  12.782 -14.737
  37.257  11.654 -15.874  37.634  12.960 -13.203  38.281  15.247 -13.726  39.372
  15.472 -11.882  38.141  15.116 -11.533  37.199  14.962 -10.890  39.234  15.103
 -11.409  40.188  15.004 -10.103  39.261  16.434  -9.839  38.240  16.709  -8.809
  40.084  16.394  -9.020  41.104  16.075  -8.353  40.106  17.384  -8.095  39.629
  15.707 -10.967  39.856  17.553 -11.914  39.324  17.617 -10.450  39.766  18.509
 -11.163  40.910  17.352  -9.978  39.093  13.876  -9.557  37.986  13.533  -9.671
  40.209  13.209  -9.996  41.091  13.575  -8.836  40.240  11.997  -9.088  39.365
  11.398  -9.142  41.490  11.142  -8.783  42.367  11.680  -8.560  41.427  10.222
 -10.612  41.735  10.756 -11.474  40.830  10.849 -10.918  42.864  10.311  -7.324
  40.182  12.335  -6.911  40.701  13.379  -6.469  39.597  11.470  -6.811  38.907
  10.233  -7.468  39.506   9.603  -7.285  37.956  10.474  -5.488  38.651   9.511
  -5.241  39.508   8.881  -5.520  37.736   8.918  -4.484  38.549  10.659  -3.470
  38.786  10.333  -4.517  37.545  11.084  -5.020  39.555  11.683  -4.808  39.181
  12.685  -4.363  40.938  11.527  -4.762  41.750  10.688  -3.313  41.192  12.311
  -3.027  40.480  12.969  -2.492  42.411  12.263  -2.475  42.788  11.239  -3.126
  43.493  13.163  -4.135  43.689  12.800  -3.199  43.115  14.185  -2.336  44.813
  13.182  -1.367  44.641  13.656  -2.158  45.131  12.152  -3.072  45.936  13.929
  -4.248  46.229  13.615  -2.463  46.557  14.831  -1.038  42.104  12.674  -0.796
  41.259  13.541  -0.068  42.795  12.068  -0.325  43.484  11.374   1.362  42.720
  12.420   1.443  42.473  13.479   2.070  41.595  11.638   1.558  40.655  11.850
   2.104  41.798  10.122   2.653  42.705   9.870   2.593  40.945   9.650   1.089
  41.872   9.733   3.411  41.476  12.065   3.709  40.593  11.804   2.057  44.072
  12.221   1.614  44.899  11.420   3.155  44.296  12.946   3.467  43.548  13.551
   4.019  45.482  12.823   3.427  46.307  12.424   4.516  45.906  14.217   5.171
  45.123  14.606   5.108  46.817  14.118   3.392  46.172  15.230   2.305  46.673
  14.860   3.583  45.891  16.434   5.195  45.274  11.842   5.939  46.213  11.553
   5.375  44.056  11.319   4.711  43.334  11.571   6.407  43.708  10.330   7.303
  44.292  10.548   6.770  42.221  10.502   7.056  42.062  11.544   5.890  41.611
  10.291   7.932  41.761   9.606   7.595  41.738   8.568   8.740  42.492   9.684
   8.471  40.368   9.984   7.690  39.481  10.405   9.695  40.131   9.845   5.970
  44.053   8.889   4.783  43.988   8.555   6.919  44.410   8.015   7.880  44.441
   8.325   6.643  44.711   6.603   5.780  45.378   6.571   7.841  45.469   5.994
   8.020  46.373   6.577   8.730  44.841   6.069   7.656  45.864   4.516   8.551
  46.387   4.180   7.560  44.967   3.905   6.457  46.784   4.285   6.327  47.846
   4.880   5.526  46.422   3.429   4.755  47.052   3.266   5.598  45.535   2.922
   6.287  43.442   5.802   6.968  42.417   5.908   5.248  43.537   4.962   4.761
  44.421   4.927   4.797  42.496   4.021   5.197  41.533   4.340   3.251  42.405
   4.057   2.839  43.347   3.691   2.938  41.622   3.363   2.617  42.107   5.430
   2.869  42.900   6.134   1.098  42.060   5.283   0.811  41.261   4.599   0.641
  41.883   6.257   0.737  43.013   4.897   3.083  40.767   5.999   4.151  40.808
   6.206   2.561  40.564   6.933   2.880  39.967   5.288   5.351  42.714   2.605
   5.648  41.712   1.921   5.485  43.885   2.184
