Cpptraj Generated trajectory                                                    
  -1.803  20.134  16.243  -1.117  20.589  15.660  -1.661  19.137  16.170  -1.663
  20.412  17.203  -3.173  20.479  15.792  -3.874  19.955  16.444  -3.462  21.992
  15.922  -4.492  22.187  15.618  -3.407  22.260  16.979  -2.549  22.926  15.140
  -2.786  23.186  13.772  -3.605  22.704  13.252  -1.958  24.083  13.067  -2.142
  24.287  12.022  -0.885  24.723  13.727  -0.081  25.594  13.061  -0.356  25.697
  12.142  -0.644  24.456  15.091   0.182  24.941  15.589  -1.479  23.569  15.797
  -1.296  23.394  16.851  -3.423  19.953  14.372  -2.521  19.387  13.751  -4.653
  20.101  13.862  -5.341  20.610  14.399  -5.110  19.564  12.566  -4.243  19.254
  11.979  -5.964  18.303  12.827  -6.134  17.785  11.883  -5.406  17.627  13.478
  -7.323  18.609  13.477  -7.157  19.248  14.344  -7.938  19.161  12.766  -8.266
  17.166  14.049  -8.689  16.389  12.464  -7.781  16.071  11.951  -9.319  15.517
  12.641  -9.230  17.098  11.837  -5.861  20.619  11.725  -6.062  21.751  12.169
  -6.281  20.232  10.516  -6.065  19.288  10.230  -7.115  21.012   9.588  -7.273
  22.011   9.994  -6.350  21.150   8.257  -5.453  21.743   8.440  -6.037  20.154
   7.936  -7.137  21.793   7.097  -8.018  21.191   6.872  -7.470  22.787   7.395
  -6.313  21.905   5.810  -5.162  21.496   5.717  -6.853  22.470   4.754  -6.312
  22.499   3.904  -7.806  22.822   4.766  -8.492  20.342   9.414  -8.591  19.111
   9.430  -9.574  21.113   9.245  -9.461  22.122   9.282 -10.921  20.575   8.930
 -10.811  19.696   8.291 -11.659  20.147  10.214 -11.790  21.023  10.849 -13.033
  19.515   9.992 -12.966  18.716   9.254 -13.398  19.098  10.931 -13.744  20.269
   9.656 -10.897  19.190  10.920 -10.123  18.981  10.367 -11.775  21.592   8.168
 -11.697  22.786   8.454 -12.602  21.119   7.227 -12.621  20.121   7.075 -13.540
  21.927   6.419 -13.221  22.968   6.459 -13.535  21.501   4.932 -14.104  20.577
   4.823 -14.181  22.574   4.046 -13.639  23.515   4.145 -14.156  22.257   3.003
 -15.221  22.725   4.327 -12.122  21.239   4.400 -11.703  20.344   4.859 -12.146
  21.086   3.322 -11.487  22.090   4.632 -14.962  21.843   6.989 -15.396  20.765
   7.407 -15.690  22.968   7.007 -15.251  23.810   6.646 -16.994  23.133   7.674
 -17.218  22.217   8.223 -16.880  24.264   8.724 -16.607  25.202   8.237 -17.870
  24.400   9.159 -15.882  23.961   9.863 -15.791  22.883  10.001 -14.499  24.554
   9.599 -14.574  25.634   9.475 -13.834  24.318  10.426 -14.073  24.129   8.695
 -16.394  24.557  11.168 -17.350  24.100  11.419 -15.694  24.349  11.973 -16.512
  25.634  11.059 -18.177  23.305   6.704 -18.059  24.016   5.683 -19.245  22.723
   6.989
  -1.974  20.186  16.178  -1.236  20.545  15.590  -1.917  19.179  16.169  -1.834
  20.510  17.123  -3.297  20.621  15.664  -4.059  20.199  16.321  -3.454  22.158
  15.695  -4.455  22.421  15.346  -3.402  22.488  16.735  -2.440  22.954  14.884
  -2.621  23.141  13.496  -3.477  22.714  12.988  -1.682  23.885  12.752  -1.816
  24.021  11.688  -0.561  24.453  13.397   0.356  25.166  12.689   0.137  25.193
  11.749  -0.384  24.272  14.785   0.479  24.704  15.271  -1.324  23.530  15.526
  -1.183  23.413  16.595  -3.550  20.039  14.266  -2.665  19.405  13.687  -4.762
  20.224  13.724  -5.437  20.781  14.230  -5.201  19.712  12.411  -4.350  19.290
  11.875  -6.237  18.586  12.619  -7.111  18.994  13.127  -6.555  18.207  11.647
  -5.692  17.400  13.426  -4.759  17.074  12.965  -5.469  17.726  14.442  -6.799
  15.963  13.515  -8.156  16.638  14.516  -8.653  17.444  13.977  -8.883  15.851
  14.721  -7.766  17.018  15.461  -5.780  20.832  11.521  -5.905  21.979  11.956
  -6.152  20.487  10.284  -5.994  19.531   9.998  -6.952  21.312   9.368  -7.215
  22.242   9.867  -6.107  21.670   8.129  -5.308  22.338   8.455  -5.651  20.762
   7.730  -6.904  22.348   6.997  -7.601  21.627   6.568  -7.483  23.173   7.410
  -6.024  22.894   5.867  -4.809  23.033   5.970  -6.601  23.280   4.752  -6.018
  23.627   4.007  -7.610  23.242   4.639  -8.260  20.577   9.019  -8.227  19.384
   8.700  -9.405  21.268   9.076  -9.361  22.252   9.320 -10.744  20.663   8.874
 -10.642  19.775   8.249 -11.355  20.232  10.223 -11.484  21.119  10.845 -12.707
  19.525  10.121 -12.654  18.704   9.406 -12.986  19.130  11.098 -13.477  20.232
   9.811 -10.492  19.340  10.900 -10.365  18.568  10.331 -11.698  21.619   8.153
 -11.658  22.824   8.402 -12.562  21.082   7.282 -12.547  20.078   7.170 -13.538
  21.820   6.452 -13.219  22.860   6.382 -13.593  21.251   5.015 -14.127  20.300
   5.029 -14.334  22.199   4.063 -13.866  23.182   4.075 -14.306  21.803   3.048
 -15.378  22.292   4.356 -12.196  20.985   4.439 -11.731  20.142   4.950 -12.264
  20.739   3.379 -11.575  21.866   4.570 -14.939  21.794   7.081 -15.345  20.768
   7.635 -15.686  22.905   6.985 -15.264  23.712   6.534 -16.993  23.119   7.636
 -17.259  22.212   8.180 -16.854  24.246   8.688 -16.568  25.179   8.200 -17.838
  24.400   9.129 -15.853  23.924   9.818 -15.763  22.844   9.940 -14.472  24.518
   9.547 -14.546  25.600   9.454 -13.793  24.255  10.355 -14.065  24.120   8.622
 -16.348  24.501  11.138 -17.308  24.051  11.388 -15.644  24.268  11.933 -16.453
  25.581  11.052 -18.157  23.335   6.649 -17.995  24.019   5.615 -19.256  22.814
   6.932
