#Frame       SA_00001
       1    5980.2354
       2    5986.2054
       3    6079.0222
       4    6025.2342
       5    5995.2915
       6    5995.1793
       7    6027.5632
       8    6032.7579
       9    6002.4345
      10    6039.1201
      11    6000.9459
      12    5994.2745
      13    6035.9567
      14    6006.8882
      15    6028.7449
      16    6022.5338
      17    6040.8416
      18    5994.9402
      19    5982.2404
      20    5992.0536
      21    5988.9802
      22    6051.5369
      23    5990.4157
      24    5973.8727
      25    6048.0169
      26    6038.6197
      27    5996.0288
      28    6012.6015
      29    5959.9282
      30    5972.3466
      31    5989.2492
      32    5985.2061
      33    6025.9856
      34    5861.2408
      35    5993.6368
      36    5993.6807
      37    6028.8512
      38    6035.4253
      39    6035.9939
      40    6036.0553
      41    6043.0609
      42    6031.1812
      43    5985.0758
      44    6002.8831
      45    5996.8747
      46    5986.3018
      47    5983.0695
      48    5996.8322
      49    5941.6543
      50    6005.0761
