#Frame       SA_00001
       1     754.4160
       2     750.7555
       3     752.2972
       4     754.3994
       5     756.0351
       6     755.9730
       7     751.4711
       8     751.5721
       9     751.6366
      10     750.7254
      11     764.1872
      12     755.9706
      13     764.4586
      14     757.5628
      15     750.4883
      16     750.9363
      17     751.4697
      18     751.2216
      19     750.2687
      20     751.1282
      21     755.2671
      22     764.9338
      23     751.2369
      24     750.5539
      25     751.2159
      26     750.4257
      27     751.2968
      28     756.2244
      29     773.9713
      30     750.5489
      31     756.1190
      32     769.5342
      33     751.1986
      34     751.1178
      35     751.0488
      36     764.5297
      37     754.1839
      38     751.6749
      39     750.7490
      40     751.7930
      41     764.8476
      42     750.3659
      43     761.9555
      44     764.0186
      45     764.1989
      46     750.8302
      47     751.2523
      48     751.2896
      49     750.7873
      50     751.3754
