Cpptraj Generated trajectory                                                    
   0.041  21.052  11.934  -0.114  21.664  11.146   0.132  20.113  11.574   0.908
  21.306  12.382  -1.108  21.130  12.878  -0.931  20.424  13.692  -1.286  22.545
  13.484  -1.414  23.260  12.667  -2.204  22.563  14.076  -0.128  23.024  14.386
   0.804  22.992  13.822  -0.361  24.469  14.833  -1.268  24.534  15.435   0.489
  24.808  15.424  -0.460  25.114  13.959   0.029  22.164  15.644   0.284  21.138
  15.379   0.835  22.563  16.261  -0.896  22.170  16.223  -2.395  20.681  12.177
  -2.485  20.744  10.948  -3.391  20.216  12.940  -3.268  20.195  13.942  -4.677
  19.738  12.410  -4.486  18.987  11.642  -5.242  19.256  13.208  -5.557  20.842
  11.805  -5.491  22.004  12.220  -6.388  20.468  10.827  -6.393  19.495  10.555
  -7.330  21.349  10.132  -7.631  22.137  10.820  -6.617  21.984   8.930  -6.330
  21.212   8.214  -7.288  22.691   8.442  -5.723  22.512   9.262  -8.600  20.596
   9.681  -8.557  19.381   9.460  -9.725  21.307   9.523  -9.676  22.309   9.684
 -11.028  20.728   9.118 -10.849  19.868   8.470 -11.828  20.253  10.350 -12.062
  21.122  10.964 -13.139  19.542  10.009 -12.964  18.753   9.277 -13.564  19.104
  10.911 -13.859  20.256   9.609 -11.075  19.353  11.138 -10.818  18.612  10.570
 -11.883  21.732   8.336 -11.961  22.899   8.722 -12.555  21.280   7.270 -12.442
  20.310   7.015 -13.529  22.059   6.490 -13.318  23.121   6.584 -13.431  21.802
   5.435 -14.986  21.807   6.899 -15.356  20.666   7.194 -15.814  22.861   6.892
 -15.417  23.759   6.625 -17.255  22.853   7.226 -17.611  21.823   7.222 -17.440
  23.423   8.659 -17.004  24.423   8.690 -18.506  23.527   8.862 -16.827  22.588
   9.800 -15.758  22.457   9.637 -17.025  23.320  11.123 -18.087  23.391  11.349
 -16.533  22.771  11.922 -16.594  24.319  11.064 -17.499  21.221   9.930 -17.301
  20.624   9.043 -17.096  20.691  10.790 -18.575  21.343  10.049 -18.126  23.574
   6.171 -17.579  24.165   5.216 -19.370  23.517   6.290
   0.088  21.167  11.861  -0.074  21.797  11.089   0.189  20.239  11.477   0.952
  21.419  12.316  -1.062  21.207  12.806  -0.878  20.481  13.601  -1.256  22.602
  13.450  -1.398  23.337  12.654  -2.171  22.591  14.047  -0.100  23.074  14.359
   0.829  23.074  13.789  -0.354  24.501  14.849  -1.258  24.534  15.460   0.494
  24.839  15.444  -0.471  25.169  13.995   0.080  22.180  15.590   0.352  21.168
  15.294   0.882  22.576  16.215  -0.841  22.153  16.174  -2.344  20.762  12.092
  -2.435  20.859  10.866  -3.334  20.263  12.840  -3.212  20.215  13.842  -4.611
  19.777  12.295  -4.405  19.047  11.510  -5.170  19.266  13.079  -5.507  20.881
  11.714  -5.471  22.029  12.167  -6.318  20.521  10.715  -6.298  19.557  10.412
  -7.270  21.401  10.033  -7.589  22.171  10.734  -6.561  22.072   8.848  -6.268
  21.320   8.113  -7.236  22.787   8.379  -5.669  22.595   9.195  -8.523  20.635
   9.557  -8.450  19.431   9.288  -9.668  21.321   9.433  -9.646  22.319   9.624
 -10.956  20.719   9.013 -10.754  19.907   8.313 -11.719  20.139  10.224 -11.993
  20.961  10.887 -12.992  19.374   9.864 -12.788  18.639   9.085 -13.376  18.862
  10.747 -13.757  20.069   9.520 -10.914  19.238  10.957 -10.575  18.579  10.335
 -11.857  21.735   8.297 -11.925  22.893   8.713 -12.567  21.298   7.250 -12.456
  20.334   6.973 -13.562  22.086   6.506 -13.267  23.133   6.502 -13.581  21.753
   5.469 -14.989  21.978   7.063 -15.385  20.931   7.584 -15.762  23.064   6.942
 -15.335  23.884   6.521 -17.107  23.262   7.515 -17.440  22.324   7.962 -17.012
  24.315   8.651 -16.736  25.284   8.232 -18.011  24.423   9.074 -16.032  23.957
   9.790 -15.898  22.876   9.844 -14.675  24.635   9.609 -14.796  25.717   9.601
 -14.005  24.340  10.414 -14.231  24.326   8.668 -16.586  24.428  11.129 -17.532
  23.925  11.323 -15.891  24.176  11.926 -16.732  25.507  11.105 -18.175  23.621
   6.459 -17.824  24.020   5.328 -19.379  23.497   6.772
   0.060  21.112  11.826  -0.113  21.733  11.050   0.146  20.178  11.453   0.934
  21.363  12.261  -1.071  21.172  12.793  -0.872  20.463  13.600  -1.254  22.581
  13.410  -1.411  23.298  12.601  -2.158  22.584  14.024  -0.081  23.073  14.287
   0.837  23.060  13.700  -0.327  24.511  14.750  -1.221  24.557  15.373   0.531
  24.860  15.323  -0.457  25.160  13.883   0.121  22.206  15.533   0.388  21.187
  15.254   0.933  22.615  16.135  -0.790  22.191  16.134  -2.367  20.713  12.115
  -2.484  20.784  10.889  -3.342  20.231  12.895  -3.198  20.204  13.894  -4.634
  19.744  12.388  -4.452  18.997  11.614  -5.180  19.254  13.195  -5.534  20.844
  11.806  -5.474  22.003  12.231  -6.373  20.471  10.836  -6.373  19.501  10.555
  -7.324  21.352  10.152  -7.618  22.141  10.842  -6.623  21.986   8.942  -6.343
  21.213   8.225  -7.299  22.693   8.459  -5.726  22.515   9.265  -8.598  20.598
   9.714  -8.560  19.381   9.503  -9.721  21.311   9.554  -9.669  22.314   9.709
 -11.028  20.736   9.156 -10.855  19.864   8.524 -11.833  20.290  10.395 -12.041
  21.168  11.007 -13.164  19.610  10.069 -13.013  18.807   9.347 -13.596  19.194
  10.979 -13.867  20.337   9.663 -11.098  19.375  11.183 -10.878  18.618  10.623
 -11.872  21.734   8.355 -11.953  22.904   8.730 -12.530  21.273   7.285 -12.414
  20.300   7.040 -13.500  22.043   6.491 -13.282  23.106   6.566 -13.405  21.767
   5.441 -14.957  21.807   6.909 -15.333  20.675   7.227 -15.779  22.866   6.888
 -15.377  23.757   6.605 -17.214  22.876   7.247 -17.574  21.849   7.279 -17.369
  23.490   8.665 -16.918  24.483   8.662 -18.430  23.615   8.881 -16.751  22.677
   9.818 -15.686  22.524   9.644 -16.919  23.447  11.125 -17.976  23.539  11.363
 -16.420  22.912  11.931 -16.476  24.438  11.032 -17.442  21.324   9.991 -17.262
  20.700   9.118 -17.039  20.810  10.860 -18.515  21.465  10.118 -18.101  23.569
   6.188 -17.575  24.134   5.205 -19.342  23.514   6.334
   0.001  20.966  12.021  -0.144  21.569  11.225   0.078  20.021  11.675   0.870
  21.213  12.469  -1.149  21.074  12.962  -0.986  20.375  13.786  -1.307  22.499
  13.550  -1.424  23.205  12.725  -2.224  22.537  14.142  -0.141  22.973  14.446
   0.789  22.923  13.882  -0.358  24.425  14.878  -1.264  24.508  15.479   0.496
  24.761  15.466  -0.448  25.062  13.997   0.006  22.124  15.713   0.248  21.093
  15.459   0.817  22.520  16.326  -0.918  22.148  16.293  -2.442  20.636  12.264
  -2.526  20.678  11.034  -3.449  20.203  13.030  -3.332  20.199  14.034  -4.740
  19.735  12.503  -4.558  18.966  11.751  -5.317  19.278  13.308  -5.600  20.842
  11.874  -5.524  22.008  12.274  -6.424  20.463  10.892  -6.436  19.487  10.633
  -7.352  21.342  10.177  -7.656  22.140  10.852  -6.623  21.959   8.975  -6.332
  21.177   8.272  -7.284  22.664   8.471  -5.729  22.486   9.311  -8.622  20.591
   9.721  -8.583  19.374   9.511  -9.742  21.305   9.548  -9.690  22.309   9.699
 -11.045  20.729   9.137 -10.865  19.861   8.502 -11.861  20.274  10.366 -12.088
  21.151  10.974 -13.178  19.578  10.022 -13.010  18.780   9.298 -13.616  19.152
  10.925 -13.887  20.298   9.613 -11.125  19.370  11.165 -10.886  18.616  10.608
 -11.886  21.730   8.334 -11.961  22.901   8.705 -12.546  21.268   7.265 -12.436
  20.294   7.024 -13.507  22.042   6.464 -13.286  23.104   6.540 -13.404  21.765
   5.415 -14.969  21.811   6.867 -15.351  20.682   7.192 -15.789  22.870   6.822
 -15.382  23.758   6.538 -17.230  22.886   7.155 -17.592  21.860   7.201 -17.410
  23.528   8.558 -16.964  24.524   8.540 -18.475  23.650   8.755 -16.801  22.742
   9.736 -15.735  22.584   9.573 -16.976  23.540  11.025 -18.035  23.642  11.251
 -16.487  23.020  11.846 -16.527  24.526  10.914 -17.494  21.393   9.933 -17.309
  20.752   9.074 -17.096  20.899  10.815 -18.568  21.538  10.050 -18.095  23.560
   6.067 -17.545  24.145   5.109 -19.339  23.471   6.162
  -1.987  19.399  16.832  -1.170  19.126  16.306  -2.545  18.570  16.974  -1.698
  19.748  17.734  -2.769  20.416  16.074  -3.662  20.662  16.654  -1.965  21.719
  15.828  -1.070  21.472  15.252  -2.567  22.393  15.213  -1.535  22.493  17.095
  -0.903  21.853  17.709  -0.723  23.731  16.705  -1.325  24.399  16.088  -0.408
  24.262  17.603   0.165  23.429  16.148  -2.727  22.957  17.938  -3.289  22.103
  18.315  -2.366  23.526  18.796  -3.385  23.594  17.348  -3.257  19.820  14.745
  -2.759  18.777  14.315  -4.228  20.463  14.085  -4.598  21.324  14.464  -4.801
  20.007  12.810  -3.999  19.715  12.130  -5.423  19.130  12.991  -5.656  21.067
  12.104  -5.699  22.227  12.529  -6.324  20.659  11.020  -6.235  19.690  10.749
  -7.191  21.493  10.182  -7.592  22.297  10.796  -6.341  22.099   9.056  -5.976
  21.309   8.399  -6.948  22.793   8.475  -5.487  22.631   9.476  -8.373  20.693
   9.590  -8.250  19.482   9.382  -9.508  21.345   9.296  -9.535  22.350   9.451
 -10.641  20.735   8.556 -10.221  20.159   7.731 -11.429  19.746   9.442 -10.726
  19.156  10.030 -12.428  20.407  10.395 -13.297  20.773   9.847 -12.756  19.679
  11.136 -11.957  21.246  10.902 -12.162  18.861   8.623 -12.538  18.182   9.200
 -11.594  21.771   7.937 -11.612  22.930   8.360 -12.401  21.346   6.958 -12.361
  20.361   6.734 -13.443  22.141   6.291 -13.158  23.191   6.297 -13.514  21.833
   5.248 -14.838  22.007   6.919 -15.180  20.966   7.489 -15.649  23.067   6.799
 -15.258  23.891   6.351 -16.990  23.236   7.389 -17.311  22.284   7.814 -16.901
  24.264   8.547 -16.618  25.241   8.151 -17.903  24.368   8.962 -15.938  23.883
   9.692 -15.830  22.799   9.746 -14.562  24.529   9.525 -14.661  25.613   9.500
 -13.913  24.232  10.346 -14.107  24.199   8.596 -16.496  24.368  11.025 -17.457
  23.890  11.210 -15.819  24.099  11.832 -16.617  25.450  11.000 -18.067  23.613
   6.347 -17.725  24.028   5.219 -19.269  23.490   6.669
  -2.030  19.394  16.865  -1.208  19.125  16.344  -2.584  18.561  17.000  -1.749
  19.742  17.769  -2.811  20.408  16.103  -3.709  20.649  16.677  -2.012  21.716
  15.864  -1.112  21.474  15.294  -2.613  22.387  15.246  -1.594  22.490  17.135
  -0.962  21.853  17.752  -0.787  23.733  16.751  -1.389  24.398  16.131  -0.479
  24.265  17.651   0.106  23.437  16.198  -2.794  22.945  17.971  -3.352  22.088
  18.344  -2.442  23.517  18.831  -3.453  23.578  17.378  -3.288  19.812  14.770
  -2.785  18.769  14.343  -4.253  20.454  14.101  -4.627  21.315  14.477  -4.812
  20.001  12.819  -4.003  19.713  12.146  -5.434  19.121  12.991  -5.663  21.061
  12.109  -5.707  22.221  12.533  -6.328  20.654  11.022  -6.239  19.685  10.751
  -7.193  21.489  10.183  -7.594  22.293  10.796  -6.341  22.093   9.058  -5.976
  21.302   8.401  -6.947  22.788   8.475  -5.487  22.625   9.478  -8.375  20.689
   9.590  -8.253  19.479   9.382  -9.510  21.343   9.296  -9.537  22.348   9.451
 -10.643  20.734   8.555 -10.223  20.159   7.729 -11.431  19.744   9.440 -10.728
  19.153  10.027 -12.431  20.403  10.392 -13.299  20.771   9.844 -12.761  19.673
  11.131 -11.960  21.240  10.902 -12.163  18.860   8.619 -12.538  18.179   9.195
 -11.596  21.771   7.938 -11.613  22.930   8.362 -12.404  21.347   6.958 -12.363
  20.363   6.733 -13.445  22.143   6.292 -13.160  23.193   6.298 -13.517  21.835
   5.249 -14.840  22.009   6.921 -15.182  20.968   7.490 -15.650  23.069   6.802
 -15.260  23.893   6.354 -16.992  23.238   7.393 -17.313  22.285   7.817 -16.901
  24.265   8.552 -16.619  25.242   8.157 -17.904  24.368   8.968 -15.937  23.883
   9.696 -15.829  22.799   9.749 -14.562  24.529   9.528 -14.661  25.613   9.503
 -13.912  24.232  10.348 -14.107  24.200   8.598 -16.494  24.367  11.030 -17.455
  23.889  11.215 -15.816  24.097  11.836 -16.614  25.449  11.005 -18.069  23.617
   6.352 -17.727  24.034   5.225 -19.271  23.492   6.674
   0.003  20.888  12.028  -0.118  21.476  11.216   0.043  19.932  11.706   0.882
  21.112  12.469  -1.141  21.066  12.964  -1.005  20.384  13.806  -1.243  22.511
  13.513  -1.335  23.198  12.669  -2.157  22.600  14.105  -0.058  22.963  14.394
   0.869  22.862  13.832  -0.216  24.434  14.785  -1.116  24.569  15.386   0.654
  24.753  15.360  -0.285  25.049  13.887   0.057  22.146  15.685   0.260  21.100
  15.461   0.882  22.529  16.287  -0.865  22.221  16.263  -2.450  20.659  12.276
  -2.534  20.677  11.046  -3.470  20.276  13.052  -3.353  20.290  14.056  -4.771
  19.825  12.535  -4.605  19.029  11.808  -5.362  19.407  13.350  -5.600  20.933
  11.868  -5.536  22.100  12.268  -6.388  20.553  10.856  -6.387  19.576  10.597
  -7.296  21.425  10.107  -7.625  22.225  10.769  -6.532  22.040   8.927  -6.225
  21.257   8.231  -7.176  22.748   8.405  -5.644  22.562   9.287  -8.543  20.662
   9.613  -8.471  19.454   9.360  -9.683  21.350   9.458  -9.660  22.351   9.634
 -10.969  20.746   9.034 -10.763  19.925   8.346 -11.744  20.184  10.246 -12.020
  21.015  10.896 -13.018  19.420   9.886 -12.812  18.676   9.116 -13.409  18.919
  10.771 -13.778  20.114   9.530 -10.949  19.289  10.997 -10.614  18.615  10.388
 -11.863  21.754   8.299 -11.938  22.916   8.703 -12.563  21.306   7.249 -12.446
  20.340   6.982 -13.554  22.084   6.490 -13.263  23.133   6.481 -13.563  21.742
   5.456 -14.985  21.975   7.036 -15.383  20.929   7.557 -15.761  23.059   6.905
 -15.332  23.879   6.486 -17.112  23.254   7.465 -17.442  22.318   7.918 -17.035
  24.317   8.592 -16.757  25.283   8.167 -18.040  24.426   9.001 -16.070  23.973
   9.748 -15.934  22.894   9.814 -14.712  24.652   9.577 -14.834  25.734   9.562
 -14.049  24.363  10.390 -14.258  24.340   8.642 -16.643  24.458  11.075 -17.591
  23.958  11.264 -15.958  24.216  11.884 -16.789  25.536  11.037 -18.175  23.593
   6.397 -17.821  24.014   5.275 -19.378  23.433   6.693
   0.020  20.973  11.951  -0.115  21.578  11.155   0.077  20.026  11.605   0.896
  21.202  12.396  -1.124  21.105  12.895  -0.972  20.405  13.719  -1.253  22.534
  13.480  -1.362  23.239  12.654  -2.166  22.590  14.077  -0.074  22.988  14.368
   0.853  22.918  13.799  -0.257  24.446  14.795  -1.158  24.550  15.401   0.608
  24.767  15.376  -0.341  25.081  13.912   0.065  22.142  15.638   0.286  21.105
  15.387   0.886  22.525  16.244  -0.856  22.185  16.222  -2.427  20.690  12.200
  -2.517  20.742  10.971  -3.436  20.266  12.969  -3.314  20.254  13.972  -4.730
  19.805  12.444  -4.552  19.032  11.695  -5.310  19.353  13.249  -5.584  20.914
  11.811  -5.528  22.074  12.231  -6.381  20.543  10.804  -6.373  19.571  10.527
  -7.306  21.420  10.080  -7.630  22.209  10.757  -6.563  22.054   8.897  -6.263
  21.282   8.187  -7.220  22.765   8.394  -5.675  22.576   9.250  -8.558  20.657
   9.595  -8.489  19.450   9.339  -9.698  21.347   9.452  -9.673  22.348   9.632
 -10.987  20.747   9.031 -10.785  19.927   8.341 -11.759  20.184  10.244 -12.031
  21.014  10.897 -13.035  19.423   9.886 -12.832  18.678   9.116 -13.426  18.923
  10.773 -13.793  20.119   9.531 -10.963  19.286  10.992 -10.635  18.610  10.383
 -11.880  21.758   8.300 -11.953  22.919   8.709 -12.580  21.315   7.249 -12.465
  20.349   6.979 -13.571  22.097   6.494 -13.278  23.145   6.487 -13.582  21.758
   5.458 -15.000  21.989   7.043 -15.397  20.943   7.567 -15.776  23.073   6.914
 -15.348  23.892   6.492 -17.125  23.268   7.477 -17.453  22.334   7.935 -17.047
  24.336   8.600 -16.768  25.300   8.172 -18.051  24.447   9.010 -16.081  23.994
   9.756 -15.948  22.914   9.826 -14.721  24.667   9.581 -14.839  25.750   9.561
 -14.059  24.380  10.395 -14.268  24.350   8.647 -16.651  24.484  11.082 -17.600
  23.985  11.274 -15.966  24.244  11.892 -16.797  25.562  11.041 -18.191  23.601
   6.411 -17.843  24.029   5.290 -19.393  23.430   6.708
   0.105  21.034  11.727  -0.048  21.571  10.887   0.156  20.062  11.460   0.991
  21.299  12.131  -1.017  21.246  12.682  -0.849  20.612  13.556  -1.129  22.717
  13.155  -1.252  23.355  12.277  -2.031  22.825  13.762   0.069  23.235  13.981
   0.985  23.109  13.405  -0.097  24.725  14.288  -0.987  24.885  14.896   0.780
  25.086  14.827  -0.189  25.285  13.357   0.222  22.498  15.315   0.429  21.441
  15.149   1.058  22.922  15.873  -0.687  22.600  15.909  -2.336  20.784  12.050
  -2.467  20.785  10.824  -3.313  20.378  12.869  -3.158  20.409  13.867  -4.619
  19.886  12.406  -4.460  19.099  11.667  -5.160  19.445  13.243  -5.510  20.972
  11.785  -5.478  22.131  12.208  -6.311  20.585  10.786  -6.286  19.614  10.507
  -7.257  21.448  10.073  -7.587  22.230  10.755  -6.535  22.097   8.884  -6.230
  21.332   8.169  -7.206  22.801   8.391  -5.650  22.631   9.232  -8.501  20.668
   9.596  -8.416  19.462   9.338  -9.651  21.342   9.460  -9.638  22.342   9.640
 -10.933  20.727   9.038 -10.722  19.916   8.340 -11.694  20.142  10.248 -11.979
  20.962  10.907 -12.957  19.361   9.887 -12.741  18.624   9.113 -13.338  18.850
  10.772 -13.728  20.045   9.537 -10.881  19.253  10.987 -10.527  18.598  10.368
 -11.843  21.733   8.319 -11.920  22.892   8.729 -12.551  21.286   7.274 -12.432
  20.321   7.001 -13.552  22.063   6.527 -13.260  23.111   6.512 -13.574  21.719
   5.493 -14.977  21.955   7.090 -15.366  20.914   7.628 -15.757  23.035   6.956
 -15.334  23.851   6.521 -17.103  23.237   7.526 -17.436  22.302   7.981 -17.011
  24.301   8.652 -16.737  25.266   8.223 -18.010  24.411   9.073 -16.032  23.958
   9.796 -15.894  22.878   9.861 -14.676  24.638   9.609 -14.800  25.720   9.589
 -14.006  24.355  10.418 -14.230  24.321   8.672 -16.589  24.443  11.129 -17.533
  23.938  11.327 -15.895  24.203  11.930 -16.740  25.520  11.093 -18.170  23.588
   6.466 -17.817  23.979   5.332 -19.374  23.470   6.779
   0.038  20.929  11.987  -0.093  21.517  11.177   0.080  19.974  11.664   0.919
  21.158  12.422  -1.100  21.100  12.933  -0.956  20.413  13.770  -1.200  22.542
  13.492  -1.297  23.234  12.652  -2.110  22.627  14.089  -0.010  22.989  14.369
   0.914  22.891  13.799  -0.166  24.457  14.770  -1.061  24.588  15.378   0.708
  24.773  15.340  -0.242  25.078  13.876   0.115  22.163  15.653   0.316  21.118
  15.420   0.945  22.541  16.251  -0.803  22.234  16.238  -2.413  20.695  12.254
  -2.506  20.713  11.024  -3.429  20.315  13.037  -3.303  20.329  14.040  -4.732
  19.861  12.529  -4.570  19.061  11.806  -5.317  19.446  13.351  -5.568  20.964
  11.862  -5.504  22.133  12.256  -6.362  20.576  10.860  -6.361  19.597  10.611
  -7.278  21.439  10.108  -7.584  22.259  10.756  -6.535  22.014   8.895  -6.247
  21.209   8.217  -7.186  22.711   8.366  -5.639  22.541   9.222  -8.547  20.675
   9.669  -8.526  19.445   9.548  -9.668  21.371   9.440  -9.628  22.383   9.539
 -10.951  20.763   9.009 -10.742  19.949   8.313 -11.717  20.184  10.218 -11.952
  20.999  10.902 -13.022  19.466   9.875 -12.855  18.737   9.082 -13.400  18.952
  10.759 -13.772  20.189   9.559 -10.923  19.242  10.910 -10.150  19.055  10.348
 -11.854  21.770   8.284 -11.933  22.929   8.696 -12.556  21.326   7.234 -12.436
  20.362   6.960 -13.553  22.105   6.483 -13.264  23.154   6.476 -13.567  21.767
   5.447 -14.981  21.991   7.036 -15.374  20.943   7.557 -15.760  23.073   6.908
 -15.335  23.895   6.487 -17.109  23.264   7.473 -17.433  22.328   7.931 -17.034
  24.332   8.595 -16.755  25.296   8.166 -18.039  24.442   9.003 -16.070  23.993
   9.754 -15.939  22.914   9.828 -14.709  24.665   9.577 -14.826  25.747   9.551
 -14.048  24.381  10.394 -14.254  24.341   8.646 -16.642  24.492  11.076 -17.591
  23.994  11.270 -15.958  24.256  11.888 -16.788  25.569  11.028 -18.177  23.594
   6.407 -17.831  24.021   5.285 -19.378  23.422   6.705
  -1.826  19.312  16.539  -2.363  18.467  16.668  -1.526  19.642  17.444  -1.014
  19.071  15.989  -2.645  20.331  15.825  -3.527  20.547  16.433  -1.871  21.654
  15.590  -0.982  21.436  14.994  -2.497  22.328  15.000  -1.434  22.409  16.865
  -0.783  21.768  17.458  -0.648  23.667  16.488  -1.268  24.336  15.892  -0.330
  24.185  17.393   0.238  23.391  15.915  -2.620  22.839  17.734  -3.167  21.970
  18.100  -2.255  23.395  18.599  -3.295  23.480  17.166  -3.159  19.759  14.496
  -2.655  18.736  14.026  -4.159  20.400  13.881  -4.531  21.245  14.292  -4.763
  19.969  12.611  -3.978  19.711  11.899  -5.364  19.076  12.786  -5.658  21.034
  11.965  -5.709  22.179  12.427  -6.353  20.647  10.890  -6.261  19.687  10.590
  -7.260  21.493  10.109  -7.613  22.300  10.749  -6.476  22.098   8.937  -6.157
  21.308   8.254  -7.112  22.800   8.398  -5.594  22.622   9.306  -8.490  20.711
   9.598  -8.400  19.503   9.353  -9.636  21.384   9.422  -9.627  22.388   9.589
 -10.909  20.766   8.977 -10.683  19.958   8.280 -11.690  20.177  10.174 -12.003
  20.998  10.820 -12.931  19.374   9.788 -12.684  18.637   9.023 -13.324  18.859
  10.665 -13.705  20.043   9.417 -10.885  19.304  10.940 -10.494  18.660  10.332
 -11.813  21.770   8.246 -11.896  22.931   8.652 -12.514  21.321   7.197 -12.392
  20.355   6.927 -13.511  22.096   6.441 -13.222  23.144   6.428 -13.523  21.752
   5.407 -14.941  21.987   6.991 -15.334  20.944   7.522 -15.721  23.066   6.852
 -15.297  23.885   6.423 -17.072  23.262   7.411 -17.406  22.324   7.858 -16.994
  24.320   8.543 -16.718  25.288   8.122 -17.997  24.426   8.955 -16.025  23.972
   9.694 -15.882  22.893   9.752 -14.671  24.660   9.525 -14.800  25.742   9.517
 -14.006  24.370  10.335 -14.218  24.356   8.587 -16.597  24.443  11.026 -17.544
  23.938  11.209 -15.911  24.192  11.832 -16.745  25.521  11.000 -18.131  23.613
   6.343 -17.771  24.012   5.215 -19.337  23.486   6.645
  -2.053  19.391  16.885  -2.607  18.558  17.019  -1.774  19.739  17.790  -1.229
  19.124  16.366  -2.833  20.404  16.121  -3.733  20.644  16.692  -2.035  21.714
  15.887  -1.133  21.474  15.319  -2.636  22.385  15.269  -1.622  22.487  17.159
  -0.989  21.851  17.777  -0.817  23.733  16.779  -1.420  24.398  16.161  -0.511
  24.264  17.681   0.076  23.441  16.226  -2.825  22.938  17.994  -3.382  22.078
  18.366  -2.476  23.509  18.856  -3.485  23.570  17.401  -3.304  19.809  14.786
  -2.799  18.767  14.360  -4.268  20.450  14.114  -4.643  21.311  14.489  -4.823
  19.997  12.830  -4.012  19.708  12.161  -5.446  19.118  13.001  -5.669  21.059
  12.116  -5.711  22.219  12.538  -6.333  20.651  11.029  -6.245  19.681  10.760
  -7.194  21.486  10.186  -7.596  22.291  10.798  -6.339  22.089   9.064  -5.971
  21.297   8.409  -6.943  22.783   8.479  -5.486  22.620   9.485  -8.376  20.687
   9.591  -8.253  19.477   9.381  -9.510  21.341   9.297  -9.537  22.346   9.452
 -10.643  20.732   8.555 -10.223  20.158   7.729 -11.431  19.742   9.439 -10.728
  19.152  10.027 -12.431  20.400  10.392 -13.300  20.768   9.844 -12.761  19.671
  11.132 -11.961  21.239  10.901 -12.163  18.858   8.618 -12.540  18.178   9.194
 -11.596  21.769   7.937 -11.613  22.928   8.361 -12.403  21.345   6.958 -12.363
  20.361   6.733 -13.444  22.141   6.292 -13.159  23.191   6.299 -13.516  21.834
   5.249 -14.840  22.007   6.920 -15.182  20.966   7.490 -15.650  23.067   6.801
 -15.259  23.891   6.353 -16.992  23.236   7.392 -17.312  22.283   7.815 -16.901
  24.263   8.551 -16.619  25.240   8.156 -17.903  24.366   8.966 -15.937  23.879
   9.695 -15.829  22.796   9.747 -14.562  24.526   9.528 -14.661  25.611   9.505
 -13.912  24.228  10.348 -14.107  24.199   8.599 -16.495  24.362  11.029 -17.456
  23.884  11.214 -15.817  24.091  11.835 -16.615  25.444  11.006 -18.069  23.615
   6.351 -17.727  24.030   5.223 -19.271  23.493   6.673
  -1.885  19.261  16.543  -2.434  18.425  16.679  -1.575  19.590  17.445  -1.079
  19.005  15.991  -2.689  20.290  15.828  -3.574  20.514  16.431  -1.902  21.606
  15.601  -1.008  21.380  15.016  -2.515  22.285  15.004  -1.473  22.360  16.880
  -0.831  21.716  17.481  -0.679  23.615  16.509  -1.293  24.286  15.908  -0.365
  24.132  17.415   0.209  23.335  15.941  -2.667  22.797  17.736  -3.216  21.931
  18.103  -2.309  23.359  18.599  -3.336  23.433  17.157  -3.198  19.727  14.493
  -2.697  18.703  14.022  -4.191  20.377  13.875  -4.561  21.222  14.288  -4.787
  19.955  12.599  -3.998  19.706  11.889  -5.387  19.059  12.763  -5.682  21.024
  11.958  -5.732  22.166  12.426  -6.378  20.642  10.882  -6.287  19.684  10.576
  -7.286  21.493  10.107  -7.635  22.299  10.751  -6.507  22.099   8.933  -6.194
  21.311   8.247  -7.144  22.804   8.399  -5.622  22.620   9.300  -8.521  20.715
   9.601  -8.436  19.507   9.356  -9.664  21.394   9.427  -9.650  22.397   9.596
 -10.941  20.781   8.987 -10.721  19.964   8.299 -11.725  20.211  10.190 -12.018
  21.039  10.835 -12.986  19.432   9.815 -12.761  18.686   9.052 -13.385  18.933
  10.698 -13.747  20.117   9.444 -10.931  19.326  10.954 -10.572  18.660  10.350
 -11.836  21.785   8.247 -11.924  22.946   8.652 -12.526  21.334   7.192 -12.403
  20.368   6.925 -13.517  22.108   6.428 -13.228  23.157   6.416 -13.522  21.763
   5.394 -14.949  21.997   6.969 -15.347  20.951   7.491 -15.727  23.078   6.832
 -15.300  23.900   6.413 -17.085  23.267   7.379 -17.411  22.332   7.835 -17.027
  24.339   8.499 -16.747  25.303   8.070 -18.038  24.447   8.893 -16.077  24.008
   9.670 -15.938  22.929   9.746 -14.718  24.688   9.509 -14.842  25.770   9.486
 -14.064  24.406  10.332 -14.253  24.371   8.581 -16.668  24.501  10.986 -17.618
  24.000  11.166 -15.993  24.267  11.806 -16.818  25.579  10.937 -18.139  23.591
   6.298 -17.779  24.016   5.179 -19.344  23.416   6.582
  -0.458  19.939  13.511  -0.643  18.961  13.678   0.396  20.186  13.987  -0.326
  20.058  12.517  -1.603  20.767  13.977  -1.751  20.584  15.044  -1.369  22.283
  13.762  -1.138  22.449  12.707  -2.297  22.819  13.976  -0.246  22.904  14.621
   0.666  22.321  14.501   0.043  24.335  14.163  -0.853  24.947  14.263   0.847
  24.759  14.764   0.358  24.330  13.119  -0.611  22.949  16.108  -0.762  21.942
  16.496   0.204  23.409  16.670  -1.518  23.535  16.259  -2.886  20.328  13.265
  -2.842  19.955  12.091  -4.029  20.364  13.959  -4.012  20.688  14.915  -5.335
  19.985  13.400  -5.235  19.038  12.866  -6.047  19.830  14.212  -5.925  21.032
  12.446  -5.749  22.237  12.654  -6.636  20.565  11.414  -6.718  19.563  11.312
  -7.382  21.381  10.452  -7.725  22.275  10.966  -6.446  21.798   9.309  -6.098
  20.916   8.769  -6.982  22.451   8.619  -5.584  22.334   9.708  -8.618  20.630
   9.908  -8.573  19.407   9.741  -9.718  21.343   9.625  -9.668  22.353   9.737
 -11.003  20.759   9.169 -10.796  19.879   8.557 -11.872  20.328  10.371 -12.127
  21.217  10.948 -13.172  19.620   9.986 -12.972  18.815   9.277 -13.642  19.202
  10.876 -13.868  20.331   9.542 -11.174  19.443  11.224 -10.904  18.680  10.694
 -11.816  21.744   8.317 -11.899  22.924   8.657 -12.455  21.259   7.245 -12.343
  20.279   7.029 -13.406  22.014   6.413 -13.182  23.077   6.465 -13.290  21.710
   5.373 -14.874  21.798   6.803 -15.265  20.680   7.153 -15.690  22.859   6.720
 -15.277  23.739   6.419 -17.132  22.896   7.044 -17.502  21.875   7.126 -17.312
  23.592   8.421 -16.858  24.583   8.367 -18.377  23.731   8.608 -16.715  22.848
   9.631 -15.650  22.673   9.479 -16.887  23.700  10.886 -17.946  23.829  11.098
 -16.412  23.207  11.733 -16.424  24.675  10.738 -17.423  21.515   9.878 -17.241
  20.839   9.046 -17.033  21.052  10.780 -18.495  21.675   9.987 -17.988  23.539
   5.930 -17.431  24.107   4.966 -19.233  23.446   6.015
  -0.002  20.842  12.009  -0.126  21.406  11.181   0.007  19.876  11.718   0.892
  21.058  12.423  -1.121  21.080  12.963  -0.983  20.422  13.824  -1.175  22.544
  13.466  -1.269  23.205  12.601  -2.073  22.676  14.074   0.040  22.995  14.306
   0.951  22.854  13.726  -0.076  24.481  14.653  -0.962  24.655  15.263   0.811
  24.796  15.204  -0.146  25.069  13.737   0.167  22.216  15.619   0.334  21.158
  15.424   1.019  22.593  16.186  -0.737  22.337  16.218  -2.454  20.683  12.317
  -2.564  20.660  11.088  -3.467  20.356  13.126  -3.328  20.402  14.126  -4.786
  19.912  12.651  -4.650  19.079  11.959  -5.372  19.545  13.494  -5.602  21.007
  11.948  -5.537  22.182  12.322  -6.380  20.606  10.937  -6.379  19.623  10.704
  -7.277  21.459  10.152  -7.590  22.292  10.779  -6.507  22.009   8.943  -6.212
  21.190   8.284  -7.144  22.700   8.389  -5.614  22.536   9.278  -8.540  20.693
   9.701  -8.517  19.462   9.588  -9.659  21.387   9.453  -9.620  22.400   9.545
 -10.938  20.775   9.013 -10.720  19.960   8.321 -11.713  20.198  10.217 -11.954
  21.014  10.899 -13.015  19.479   9.867 -12.843  18.752   9.072 -13.397  18.962
  10.748 -13.764  20.203   9.549 -10.924  19.258  10.917 -10.142  19.076  10.366
 -11.838  21.779   8.279 -11.922  22.938   8.688 -12.531  21.330   7.226 -12.406
  20.365   6.955 -13.529  22.103   6.469 -13.241  23.152   6.456 -13.541  21.759
   5.435 -14.958  21.990   7.020 -15.350  20.943   7.543 -15.738  23.071   6.891
 -15.313  23.892   6.469 -17.091  23.260   7.448 -17.414  22.323   7.906 -17.024
  24.330   8.570 -16.747  25.294   8.141 -18.032  24.437   8.971 -16.067  23.996
   9.734 -15.933  22.917   9.812 -14.706  24.670   9.564 -14.825  25.753   9.538
 -14.048  24.387  10.383 -14.247  24.349   8.634 -16.646  24.497  11.053 -17.595
  23.997  11.244 -15.965  24.267  11.869 -16.797  25.574  11.000 -18.154  23.585
   6.377 -17.802  24.011   5.255 -19.356  23.412   6.670
  -0.151  20.621  12.626  -0.195  21.181  11.787  -0.154  19.652  12.343   0.715
  20.810  13.106  -1.331  20.902  13.490  -1.291  20.244  14.361  -1.381  22.370
  13.988  -1.135  23.050  13.169  -2.412  22.586  14.277  -0.498  22.691  15.216
  -0.701  21.960  15.999   1.006  22.693  14.924   1.232  23.363  14.092   1.549
  23.038  15.806   1.357  21.686  14.703  -0.860  24.075  15.761  -1.911  24.097
  16.048  -0.262  24.292  16.647  -0.675  24.835  15.002  -2.617  20.548  12.730
  -2.624  20.528  11.497  -3.705  20.251  13.450  -3.649  20.291  14.458  -4.992
  19.849  12.864  -4.823  19.014  12.183  -5.655  19.496  13.655  -5.721  20.965
  12.101  -5.620  22.145  12.453  -6.470  20.573  11.064  -6.495  19.585  10.852
  -7.318  21.436  10.236  -7.642  22.280  10.842  -6.494  21.960   9.053  -6.186
  21.131   8.415  -7.098  22.655   8.468  -5.606  22.479   9.416  -8.574  20.682
   9.745  -8.555  19.452   9.624  -9.683  21.384   9.476  -9.641  22.396   9.570
 -10.960  20.778   9.021 -10.739  19.961   8.332 -11.753  20.206  10.217 -11.994
  21.024  10.896 -13.056  19.496   9.854 -12.883  18.767   9.062 -13.451  18.983
  10.732 -13.797  20.224   9.529 -10.979  19.258  10.926 -10.196  19.064  10.381
 -11.849  21.784   8.277 -11.937  22.943   8.684 -12.533  21.335   7.216 -12.407
  20.370   6.947 -13.523  22.108   6.451 -13.238  23.158   6.442 -13.524  21.765
   5.417 -14.957  21.991   6.987 -15.357  20.938   7.494 -15.734  23.075   6.863
 -15.305  23.900   6.454 -17.092  23.259   7.409 -17.417  22.322   7.864 -17.036
  24.328   8.532 -16.756  25.293   8.106 -18.047  24.434   8.925 -16.088  23.994
   9.704 -15.952  22.915   9.779 -14.727  24.671   9.547 -14.848  25.754   9.523
 -14.076  24.387  10.372 -14.259  24.353   8.621 -16.681  24.488  11.019 -17.632
  23.988  11.198 -16.008  24.254  11.840 -16.830  25.565  10.969 -18.147  23.583
   6.329 -17.788  24.015   5.212 -19.351  23.403   6.611
   0.001  20.888  12.012  -0.122  21.480  11.203   0.042  19.935  11.685   0.880
  21.112  12.453  -1.142  21.059  12.951  -1.003  20.371  13.789  -1.245  22.500
  13.510  -1.338  23.193  12.670  -2.159  22.585  14.102  -0.060  22.948  14.393
   0.867  22.850  13.830  -0.219  24.417  14.793  -1.118  24.547  15.396   0.651
  24.733  15.369  -0.290  25.037  13.898   0.057  22.123  15.679   0.259  21.078
  15.448   0.883  22.501  16.282  -0.865  22.195  16.259  -2.451  20.655  12.263
  -2.537  20.677  11.032  -3.472  20.271  13.038  -3.353  20.282  14.042  -4.773
  19.823  12.520  -4.608  19.028  11.791  -5.363  19.403  13.335  -5.603  20.932
  11.857  -5.538  22.098  12.261  -6.391  20.555  10.845  -6.391  19.579  10.585
  -7.300  21.429  10.100  -7.627  22.229  10.763  -6.539  22.044   8.917  -6.235
  21.261   8.221  -7.186  22.752   8.398  -5.651  22.566   9.274  -8.550  20.667
   9.609  -8.480  19.458   9.360  -9.688  21.357   9.454  -9.663  22.359   9.626
 -10.975  20.755   9.029 -10.770  19.933   8.342 -11.751  20.194  10.241 -12.028
  21.025  10.890 -13.023  19.428   9.880 -12.815  18.683   9.112 -13.416  18.928
  10.766 -13.783  20.120   9.522 -10.957  19.300  10.995 -10.615  18.630  10.386
 -11.867  21.763   8.294 -11.943  22.925   8.699 -12.566  21.316   7.243 -12.449
  20.350   6.975 -13.557  22.094   6.484 -13.266  23.143   6.474 -13.567  21.752
   5.450 -14.988  21.985   7.031 -15.385  20.939   7.554 -15.764  23.068   6.900
 -15.336  23.888   6.478 -17.114  23.263   7.462 -17.441  22.328   7.919 -17.037
  24.331   8.585 -16.759  25.295   8.156 -18.041  24.441   8.993 -16.072  23.991
   9.742 -15.936  22.912   9.811 -14.713  24.668   9.567 -14.834  25.750   9.548
 -14.050  24.382  10.381 -14.259  24.352   8.633 -16.643  24.480  11.067 -17.592
  23.980  11.258 -15.958  24.241  11.877 -16.790  25.558  11.026 -18.179  23.596
   6.394 -17.828  24.019   5.272 -19.381  23.431   6.692
   0.062  21.030  11.918  -0.080  21.643  11.129   0.134  20.089  11.562   0.932
  21.268  12.369  -1.088  21.134  12.859  -0.929  20.424  13.675  -1.238  22.552
  13.464  -1.348  23.269  12.648  -2.156  22.590  14.054  -0.071  23.006  14.369
   0.862  22.953  13.808  -0.274  24.456  14.814  -1.180  24.542  15.415   0.583
  24.778  15.407  -0.357  25.102  13.940   0.063  22.144  15.628   0.296  21.113
  15.365   0.875  22.526  16.248  -0.863  22.171  16.205  -2.382  20.711  12.155
  -2.469  20.778  10.926  -3.389  20.264  12.915  -3.270  20.240  13.918  -4.676
  19.796  12.379  -4.488  19.036  11.619  -5.251  19.325  13.177  -5.541  20.904
  11.761  -5.492  22.061  12.192  -6.341  20.537  10.755  -6.331  19.567  10.472
  -7.274  21.415  10.045  -7.597  22.198  10.730  -6.543  22.061   8.861  -6.245
  21.295   8.143  -7.206  22.773   8.369  -5.653  22.583   9.212  -8.526  20.651
   9.563  -8.454  19.445   9.302  -9.669  21.338   9.429  -9.646  22.337   9.612
 -10.957  20.735   9.009 -10.755  19.919   8.314 -11.722  20.162  10.222 -12.000
  20.987  10.878 -12.993  19.392   9.863 -12.785  18.654   9.088 -13.376  18.882
  10.748 -13.759  20.083   9.515 -10.918  19.268  10.965 -10.578  18.603  10.350
 -11.857  21.747   8.288 -11.928  22.906   8.699 -12.566  21.304   7.242 -12.453
  20.339   6.969 -13.562  22.087   6.495 -13.269  23.135   6.486 -13.582  21.749
   5.459 -14.989  21.979   7.053 -15.383  20.933   7.576 -15.763  23.064   6.931
 -15.337  23.884   6.508 -17.108  23.262   7.505 -17.438  22.326   7.957 -17.014
  24.321   8.636 -16.740  25.288   8.211 -18.013  24.430   9.058 -16.034  23.969
   9.776 -15.898  22.889   9.835 -14.678  24.648   9.592 -14.800  25.730   9.580
 -14.007  24.358  10.398 -14.234  24.337   8.652 -16.589  24.446  11.113 -17.534
  23.943  11.309 -15.894  24.198  11.912 -16.737  25.524  11.085 -18.178  23.612
   6.449 -17.830  24.013   5.317 -19.381  23.482   6.762
   0.139  21.037  11.734  -0.013  21.549  10.877   0.180  20.057  11.498   1.029
  21.307  12.124  -0.977  21.290  12.687  -0.810  20.683  13.580  -1.072  22.776
  13.113  -1.189  23.389  12.216  -1.971  22.913  13.718   0.134  23.306  13.921
   1.048  23.149  13.350  -0.013  24.807  14.178  -0.902  24.998  14.779   0.868
  25.174  14.706  -0.098  25.337  13.229   0.277  22.611  15.279   0.470  21.547
  15.148   1.119  23.042  15.823  -0.630  22.745  15.870  -2.303  20.823  12.077
  -2.444  20.793  10.851  -3.277  20.447  12.913  -3.114  20.501  13.909  -4.591
  19.953  12.473  -4.444  19.144  11.757  -5.130  19.542  13.328  -5.478  21.028
  11.828  -5.444  22.196  12.228  -6.279  20.623  10.837  -6.255  19.645  10.581
  -7.220  21.470  10.098  -7.531  22.284  10.751  -6.500  22.061   8.878  -6.207
  21.262   8.194  -7.167  22.749   8.359  -5.608  22.601   9.197  -8.482  20.690
   9.669  -8.449  19.460   9.552  -9.612  21.375   9.444  -9.581  22.387   9.542
 -10.890  20.756   9.010 -10.673  19.948   8.309 -11.648  20.161  10.216 -11.885
  20.968  10.909 -12.950  19.438   9.873 -12.782  18.717   9.073 -13.322  18.914
  10.754 -13.705  20.160   9.566 -10.845  19.217  10.896 -10.060  19.059  10.340
 -11.804  21.759   8.292 -11.886  22.916   8.705 -12.512  21.311   7.247 -12.390
  20.347   6.972 -13.515  22.087   6.501 -13.229  23.136   6.491 -13.533  21.747
   5.466 -14.941  21.971   7.059 -15.330  20.924   7.585 -15.723  23.051   6.932
 -15.301  23.872   6.508 -17.071  23.243   7.500 -17.402  22.304   7.945 -16.986
  24.298   8.635 -16.714  25.268   8.215 -17.988  24.401   9.053 -16.011  23.948
   9.780 -15.874  22.868   9.839 -14.655  24.629   9.602 -14.779  25.711   9.587
 -13.988  24.341  10.412 -14.206  24.317   8.665 -16.573  24.426  11.113 -17.518
  23.921  11.306 -15.882  24.182  11.916 -16.723  25.503  11.082 -18.136  23.598
   6.439 -17.782  23.992   5.307 -19.341  23.478   6.749
   0.051  21.025  11.941  -0.090  21.638  11.152   0.122  20.084  11.583   0.923
  21.261  12.391  -1.097  21.128  12.883  -0.938  20.419  13.698  -1.246  22.547
  13.489  -1.361  23.263  12.672  -2.163  22.583  14.082  -0.076  23.003  14.388
   0.853  22.953  13.822  -0.282  24.451  14.837  -1.184  24.533  15.444   0.578
  24.775  15.425  -0.373  25.098  13.964   0.067  22.138  15.645   0.303  21.109
  15.379   0.881  22.522  16.261  -0.856  22.161  16.226  -2.393  20.706  12.180
  -2.478  20.766  10.951  -3.401  20.265  12.941  -3.282  20.246  13.944  -4.689
  19.797  12.407  -4.502  19.034  11.651  -5.267  19.333  13.206  -5.550  20.905
  11.782  -5.502  22.063  12.211  -6.346  20.537  10.774  -6.334  19.567  10.492
  -7.275  21.414  10.057  -7.599  22.200  10.738  -6.537  22.055   8.874  -6.236
  21.286   8.160  -7.197  22.765   8.376  -5.649  22.579   9.227  -8.526  20.650
   9.572  -8.454  19.444   9.313  -9.668  21.338   9.433  -9.645  22.337   9.615
 -10.955  20.735   9.012 -10.751  19.919   8.317 -11.723  20.161  10.224 -12.002
  20.987  10.879 -12.992  19.391   9.862 -12.782  18.654   9.086 -13.376  18.880
  10.746 -13.758  20.082   9.515 -10.919  19.268  10.968 -10.573  18.606  10.353
 -11.854  21.746   8.289 -11.924  22.906   8.699 -12.563  21.304   7.243 -12.450
  20.338   6.971 -13.559  22.087   6.496 -13.266  23.135   6.487 -13.578  21.749
   5.460 -14.986  21.979   7.053 -15.381  20.933   7.576 -15.760  23.064   6.930
 -15.334  23.884   6.507 -17.105  23.262   7.503 -17.436  22.325   7.954 -17.012
  24.319   8.634 -16.737  25.287   8.211 -18.011  24.429   9.056 -16.033  23.967
   9.775 -15.896  22.886   9.832 -14.677  24.647   9.593 -14.799  25.729   9.583
 -14.006  24.355  10.399 -14.232  24.337   8.653 -16.589  24.441  11.112 -17.534
  23.936  11.307 -15.894  24.193  11.911 -16.738  25.519  11.085 -18.174  23.614
   6.445 -17.824  24.014   5.314 -19.377  23.487   6.758
  -2.125  19.387  16.931  -1.292  19.135  16.420  -2.667  18.545  17.057  -1.862
  19.736  17.840  -2.913  20.391  16.163  -3.823  20.614  16.726  -2.134  21.714
  15.941  -1.223  21.491  15.381  -2.739  22.378  15.319  -1.745  22.489  17.220
  -1.104  21.863  17.839  -0.962  23.752  16.850  -1.573  24.409  16.232  -0.670
  24.284  17.756  -0.060  23.479  16.301  -2.962  22.912  18.048  -3.501  22.040
  18.417  -2.631  23.491  18.911  -3.634  23.528  17.451  -3.363  19.793  14.821
  -2.847  18.754  14.403  -4.320  20.430  14.137  -4.704  21.289  14.507  -4.854
  19.977  12.844  -4.033  19.688  12.187  -5.482  19.099  13.004  -5.688  21.041
  12.118  -5.726  22.203  12.535  -6.347  20.634  11.028  -6.263  19.662  10.761
  -7.203  21.471  10.182  -7.606  22.276  10.793  -6.341  22.075   9.064  -5.970
  21.284   8.411  -6.941  22.770   8.476  -5.491  22.606   9.491  -8.383  20.675
   9.580  -8.259  19.466   9.364  -9.518  21.330   9.290  -9.545  22.334   9.450
 -10.652  20.722   8.549 -10.233  20.152   7.719 -11.438  19.729   9.431 -10.733
  19.136  10.014 -12.434  20.383  10.389 -13.306  20.752   9.846 -12.761  19.651
  11.128 -11.963  21.220  10.899 -12.172  18.848   8.608 -12.548  18.167   9.183
 -11.606  21.762   7.937 -11.622  22.919   8.365 -12.417  21.341   6.959 -12.378
  20.357   6.731 -13.458  22.140   6.296 -13.171  23.189   6.303 -13.533  21.833
   5.253 -14.852  22.008   6.927 -15.195  20.968   7.498 -15.661  23.069   6.809
 -15.269  23.893   6.360 -17.001  23.242   7.401 -17.323  22.290   7.826 -16.907
  24.270   8.559 -16.624  25.246   8.162 -17.909  24.375   8.976 -15.942  23.886
   9.702 -15.835  22.803   9.755 -14.566  24.531   9.531 -14.664  25.615   9.506
 -13.915  24.234  10.351 -14.113  24.201   8.602 -16.496  24.372  11.037 -17.457
  23.895  11.223 -15.817  24.100  11.841 -16.614  25.454  11.012 -18.079  23.621
   6.361 -17.737  24.035   5.233 -19.280  23.498   6.683
  -0.348  19.863  14.985   0.282  19.596  14.243  -0.774  19.019  15.338   0.182
  20.290  15.730  -1.394  20.783  14.460  -2.084  21.019  15.275  -0.800  22.108
  13.916  -0.069  21.868  13.141  -1.595  22.685  13.440  -0.123  23.015  14.969
   0.667  22.457  15.470   0.510  24.234  14.293  -0.257  24.837  13.805   1.029
  24.838  15.036   1.235  23.906  13.548  -1.110  23.526  16.024  -1.522  22.696
  16.598  -0.593  24.190  16.718  -1.922  24.076  15.548  -2.221  20.077  13.377
  -1.782  19.068  12.819  -3.416  20.594  13.067  -3.728  21.430  13.543  -4.324
  20.049  12.047  -3.750  19.750  11.168  -4.825  19.165  12.440  -5.394  21.052
  11.597  -5.493  22.154  12.148  -6.180  20.673  10.585  -6.055  19.745  10.207
  -7.204  21.510   9.952  -7.529  22.260  10.671  -6.570  22.221   8.748  -6.294
  21.490   7.987  -7.284  22.927   8.324  -5.675  22.759   9.062  -8.447  20.704
   9.515  -8.350  19.500   9.255  -9.609  21.362   9.409  -9.605  22.362   9.595
 -10.891  20.738   9.000 -10.681  19.935   8.293 -11.629  20.136  10.216 -11.915
  20.948  10.885 -12.886  19.342   9.866 -12.670  18.608   9.089 -13.253  18.825
  10.754 -13.669  20.018   9.524 -10.794  19.252  10.937 -10.430  18.615  10.306
 -11.818  21.743   8.302 -11.895  22.900   8.720 -12.538  21.299   7.264 -12.419
  20.337   6.984 -13.548  22.078   6.531 -13.252  23.125   6.509 -13.588  21.733
   5.498 -14.964  21.979   7.117 -15.347  20.944   7.670 -15.744  23.060   6.986
 -15.327  23.872   6.539 -17.079  23.268   7.579 -17.405  22.336   8.045 -16.967
  24.337   8.696 -16.694  25.299   8.258 -17.961  24.456   9.128 -15.977  23.994
   9.830 -15.845  22.914   9.900 -14.621  24.665   9.621 -14.740  25.747   9.590
 -13.944  24.385  10.425 -14.188  24.336   8.682 -16.518  24.491  11.165 -17.461
  23.990  11.377 -15.816  24.255  11.959 -16.667  25.568  11.123 -18.166  23.614
   6.539 -17.837  24.012   5.400 -19.362  23.490   6.879
   0.077  21.101  11.889  -0.073  21.726  11.111   0.166  20.168  11.514   0.944
  21.344  12.345  -1.075  21.167  12.830  -0.904  20.446  13.633  -1.250  22.572
  13.461  -1.375  23.300  12.657  -2.168  22.581  14.053  -0.090  23.032  14.372
   0.841  23.010  13.807  -0.323  24.469  14.845  -1.229  24.524  15.450   0.529
  24.798  15.441  -0.422  25.129  13.983   0.066  22.148  15.613   0.321  21.128
  15.329   0.872  22.536  16.238  -0.858  22.144  16.192  -2.361  20.735  12.117
  -2.448  20.825  10.889  -3.360  20.255  12.866  -3.241  20.213  13.869  -4.640
  19.777  12.321  -4.439  19.038  11.544  -5.208  19.281  13.108  -5.522  20.885
  11.726  -5.479  22.037  12.171  -6.329  20.524  10.724  -6.313  19.558  10.428
  -7.273  21.405  10.031  -7.592  22.180  10.726  -6.555  22.065   8.846  -6.262
  21.307   8.117  -7.225  22.780   8.368  -5.663  22.587   9.194  -8.526  20.641
   9.554  -8.455  19.436   9.288  -9.670  21.328   9.427  -9.647  22.326   9.615
 -10.959  20.726   9.009 -10.758  19.912   8.311 -11.722  20.151  10.222 -11.996
  20.975  10.882 -12.994  19.384   9.865 -12.790  18.647   9.088 -13.377  18.874
  10.750 -13.760  20.078   9.520 -10.916  19.253  10.960 -10.578  18.591  10.340
 -11.859  21.740   8.291 -11.928  22.899   8.704 -12.569  21.301   7.245 -12.457
  20.336   6.970 -13.565  22.086   6.500 -13.271  23.134   6.493 -13.586  21.750
   5.463 -14.991  21.979   7.059 -15.387  20.932   7.581 -15.765  23.065   6.939
 -15.337  23.885   6.517 -17.109  23.263   7.513 -17.440  22.326   7.962 -17.014
  24.318   8.646 -16.739  25.287   8.225 -18.012  24.427   9.070 -16.033  23.964
   9.786 -15.897  22.883   9.841 -14.677  24.643   9.602 -14.799  25.725   9.592
 -14.005  24.351  10.406 -14.234  24.334   8.661 -16.586  24.437  11.124 -17.531
  23.933  11.320 -15.891  24.187  11.921 -16.734  25.515  11.099 -18.178  23.618
   6.457 -17.829  24.019   5.326 -19.381  23.490   6.770
  -0.209  20.347  12.679  -0.232  20.777  11.765  -0.286  19.350  12.546   0.681
  20.543  13.112  -1.342  20.844  13.506  -1.321  20.322  14.466  -1.264  22.368
  13.773  -1.238  22.887  12.812  -2.174  22.684  14.287  -0.053  22.825  14.617
   0.867  22.491  14.138  -0.014  24.351  14.707  -0.906  24.719  15.215   0.873
  24.661  15.261   0.034  24.780  13.705  -0.094  22.272  16.045  -0.038  21.184
  16.038   0.762  22.649  16.607  -1.011  22.585  16.546  -2.675  20.486  12.839
  -2.729  20.318  11.618  -3.751  20.354  13.622  -3.655  20.511  14.616  -5.083
  19.978  13.126  -4.996  19.065  12.535  -5.737  19.760  13.971  -5.760  21.058
  12.270  -5.625  22.255  12.544  -6.496  20.622  11.242  -6.544  19.624  11.086
  -7.295  21.459  10.344  -7.657  22.315  10.910  -6.404  21.960   9.200  -6.038
  21.115   8.614  -6.984  22.618   8.553  -5.554  22.511   9.602  -8.517  20.695
   9.787  -8.441  19.480   9.572  -9.638  21.389   9.542  -9.613  22.395   9.685
 -10.910  20.786   9.075 -10.684  19.953   8.408 -11.738  20.252  10.265 -12.024
  21.097  10.893 -13.010  19.502   9.871 -12.791  18.754   9.108 -13.432  19.006
  10.745 -13.751  20.205   9.494 -10.989  19.356  11.060 -10.649  18.663  10.476
 -11.771  21.790   8.294 -11.852  22.957   8.681 -12.444  21.334   7.230 -12.322
  20.365   6.975 -13.427  22.102   6.450 -13.149  23.154   6.448 -13.410  21.761
   5.415 -14.869  21.973   6.967 -15.271  20.910   7.447 -15.647  23.057   6.857
 -15.218  23.890   6.464 -17.008  23.232   7.400 -17.338  22.286   7.832 -16.959
  24.279   8.545 -16.686  25.254   8.138 -17.971  24.371   8.939 -16.010  23.931
   9.712 -15.868  22.852   9.772 -14.653  24.619   9.566 -14.781  25.701   9.553
 -14.002  24.332  10.389 -14.183  24.313   8.637 -16.603  24.405  11.034 -17.552
  23.899  11.209 -15.927  24.162  11.851 -16.755  25.482  11.000 -18.057  23.582
   6.320 -17.686  23.983   5.196 -19.266  23.452   6.609
   0.027  20.959  12.014  -0.104  21.568  11.220   0.088  20.014  11.664   0.899
  21.188  12.466  -1.124  21.085  12.950  -0.979  20.378  13.771  -1.255  22.509
  13.546  -1.356  23.222  12.725  -2.172  22.563  14.136  -0.082  22.955  14.447
   0.849  22.888  13.886  -0.270  24.410  14.884  -1.173  24.508  15.487   0.592
  24.726  15.473  -0.349  25.052  14.006   0.043  22.098  15.711   0.265  21.063
  15.453   0.861  22.475  16.327  -0.881  22.139  16.288  -2.423  20.675  12.245
  -2.501  20.723  11.015  -3.441  20.258  13.006  -3.328  20.246  14.010  -4.733
  19.804  12.470  -4.552  19.025  11.727  -5.323  19.361  13.272  -5.572  20.915
  11.823  -5.511  22.078  12.237  -6.364  20.544  10.812  -6.361  19.570  10.542
  -7.281  21.421  10.080  -7.607  22.214  10.752  -6.531  22.047   8.897  -6.229
  21.270   8.193  -7.182  22.758   8.389  -5.641  22.568   9.253  -8.532  20.658
   9.593  -8.462  19.451   9.338  -9.671  21.347   9.446  -9.647  22.348   9.624
 -10.959  20.744   9.025 -10.756  19.921   8.338 -11.733  20.188  10.240 -12.007
  21.022  10.887 -13.008  19.424   9.884 -12.803  18.676   9.117 -13.399  18.926
  10.772 -13.767  20.117   9.527 -10.937  19.296  10.995 -10.607  18.616  10.390
 -11.852  21.753   8.291 -11.924  22.915   8.693 -12.555  21.304   7.243 -12.439
  20.337   6.977 -13.546  22.083   6.485 -13.254  23.131   6.475 -13.557  21.740
   5.451 -14.977  21.975   7.032 -15.375  20.930   7.557 -15.752  23.059   6.899
 -15.323  23.877   6.476 -17.102  23.258   7.460 -17.435  22.322   7.911 -17.020
  24.320   8.589 -16.740  25.286   8.165 -18.023  24.431   8.999 -16.054  23.971
   9.742 -15.919  22.891   9.806 -14.695  24.649   9.570 -14.816  25.731   9.560
 -14.031  24.356  10.381 -14.244  24.339   8.633 -16.624  24.453  11.071 -17.573
  23.952  11.260 -15.939  24.208  11.878 -16.771  25.531  11.036 -18.162  23.605
   6.393 -17.805  24.011   5.266 -19.367  23.467   6.694
   0.063  20.934  11.823  -0.086  21.479  10.986   0.078  19.962  11.552   0.963
  21.169  12.214  -1.037  21.177  12.795  -0.874  20.537  13.666  -1.097  22.650
  13.273  -1.220  23.294  12.399  -1.982  22.782  13.900   0.132  23.132  14.074
   1.030  22.993  13.474   0.004  24.621  14.401  -0.866  24.792  15.035   0.902
  24.958  14.919  -0.102  25.193  13.478   0.303  22.377  15.396   0.486  21.318
  15.214   1.160  22.779  15.939  -0.590  22.489  16.013  -2.379  20.756  12.185
  -2.519  20.724  10.960  -3.368  20.419  13.021  -3.205  20.473  14.017  -4.693
  19.958  12.580  -4.565  19.126  11.886  -5.252  19.584  13.439  -5.540  21.042
  11.899  -5.486  22.216  12.280  -6.331  20.635  10.901  -6.321  19.653  10.663
  -7.249  21.483  10.134  -7.563  22.309  10.770  -6.502  22.047   8.918  -6.206
  21.236   8.252  -7.153  22.735   8.377  -5.609  22.583   9.245  -8.511  20.708
   9.695  -8.482  19.477   9.586  -9.635  21.396   9.454  -9.600  22.409   9.544
 -10.913  20.778   9.020 -10.695  19.963   8.326 -11.680  20.198  10.227 -11.917
  21.013  10.911 -12.982  19.476   9.883 -12.812  18.745   9.092 -13.363  18.962
  10.767 -13.733  20.196   9.564 -10.883  19.258  10.921 -10.101  19.086  10.367
 -11.819  21.778   8.288 -11.904  22.938   8.694 -12.519  21.324   7.241 -12.396
  20.359   6.972 -13.517  22.096   6.485 -13.230  23.145   6.471 -13.529  21.752
   5.451 -14.946  21.983   7.036 -15.337  20.938   7.565 -15.728  23.061   6.899
 -15.304  23.880   6.472 -17.081  23.253   7.454 -17.408  22.317   7.911 -17.013
  24.323   8.575 -16.734  25.287   8.146 -18.020  24.432   8.977 -16.055  23.988
   9.740 -15.921  22.909   9.816 -14.695  24.662   9.570 -14.814  25.745   9.544
 -14.037  24.380  10.389 -14.236  24.341   8.640 -16.635  24.486  11.059 -17.584
  23.987  11.248 -15.955  24.254  11.874 -16.784  25.563  11.008 -18.141  23.583
   6.381 -17.785  23.995   5.256 -19.345  23.426   6.676
   0.072  21.038  11.917  -0.065  21.654  11.128   0.149  20.098  11.557   0.940
  21.275  12.373  -1.083  21.136  12.851  -0.927  20.424  13.665  -1.240  22.552
  13.460  -1.346  23.271  12.644  -2.163  22.586  14.043  -0.080  23.006  14.374
   0.856  22.954  13.820  -0.288  24.455  14.819  -1.199  24.539  15.412   0.564
  24.776  15.420  -0.364  25.102  13.945   0.045  22.141  15.632   0.282  21.111
  15.369   0.851  22.524  16.259  -0.886  22.166  16.201  -2.372  20.712  12.138
  -2.453  20.786  10.909  -3.380  20.255  12.890  -3.265  20.225  13.894  -4.663
  19.786  12.346  -4.468  19.036  11.577  -5.238  19.303  13.136  -5.532  20.896
  11.738  -5.485  22.050  12.177  -6.334  20.535  10.731  -6.321  19.567  10.440
  -7.270  21.416  10.028  -7.589  22.196  10.717  -6.543  22.065   8.843  -6.247
  21.301   8.122  -7.208  22.778   8.356  -5.652  22.587   9.192  -8.524  20.653
   9.550  -8.453  19.448   9.285  -9.666  21.340   9.421  -9.643  22.339   9.608
 -10.956  20.738   9.006 -10.756  19.922   8.310 -11.718  20.166  10.221 -11.991
  20.991  10.879 -12.991  19.398   9.867 -12.787  18.659   9.092 -13.372  18.890
  10.753 -13.757  20.090   9.522 -10.911  19.270  10.960 -10.574  18.605  10.342
 -11.858  21.750   8.287 -11.929  22.909   8.699 -12.568  21.308   7.241 -12.453
  20.344   6.967 -13.565  22.091   6.496 -13.273  23.139   6.487 -13.586  21.754
   5.460 -14.991  21.982   7.056 -15.384  20.935   7.579 -15.766  23.066   6.935
 -15.341  23.887   6.512 -17.110  23.263   7.511 -17.439  22.326   7.962 -17.016
  24.321   8.642 -16.742  25.289   8.218 -18.014  24.429   9.065 -16.035  23.969
   9.781 -15.898  22.889   9.838 -14.679  24.648   9.597 -14.802  25.731   9.585
 -14.007  24.358  10.401 -14.236  24.338   8.656 -16.588  24.444  11.119 -17.533
  23.940  11.315 -15.892  24.196  11.917 -16.736  25.522  11.092 -18.181  23.614
   6.455 -17.835  24.016   5.323 -19.384  23.483   6.770
  -0.199  20.268  12.830  -0.189  20.592  11.874  -0.288  19.263  12.809   0.681
  20.500  13.265  -1.347  20.869  13.563  -1.364  20.458  14.576  -1.250  22.412
  13.658  -1.166  22.817  12.647  -2.179  22.799  14.084  -0.075  22.943  14.507
   0.858  22.523  14.134   0.015  24.466  14.396  -0.899  24.922  14.777   0.870
  24.825  14.970   0.153  24.752  13.353  -0.216  22.589  15.991  -0.209  21.508
  16.130   0.623  23.007  16.548  -1.145  22.999  16.390  -2.664  20.459  12.896
  -2.697  20.224  11.686  -3.751  20.360  13.669  -3.672  20.574  14.653  -5.074
  19.955  13.171  -4.969  19.041  12.584  -5.727  19.731  14.015  -5.765  21.020
  12.307  -5.636  22.221  12.567  -6.508  20.568  11.291  -6.553  19.569  11.150
  -7.323  21.391  10.393  -7.639  22.276  10.940  -6.465  21.831   9.199  -6.144
  20.958   8.628  -7.048  22.487   8.551  -5.584  22.369   9.550  -8.587  20.636
   9.921  -8.592  19.401   9.865  -9.677  21.345   9.598  -9.615  22.360   9.649
 -10.959  20.748   9.145 -10.745  19.891   8.504 -11.792  20.262  10.351 -12.018
  21.120  10.984 -13.112  19.581   9.990 -12.944  18.798   9.250 -13.551  19.136
  10.883 -13.817  20.313   9.596 -11.062  19.327  11.121 -10.292  19.060  10.589
 -11.807  21.737   8.332 -11.891  22.911   8.693 -12.466  21.264   7.267 -12.350
  20.289   7.033 -13.429  22.027   6.456 -13.207  23.089   6.520 -13.324  21.737
   5.411 -14.894  21.804   6.857 -15.277  20.685   7.211 -15.715  22.860   6.775
 -15.306  23.741   6.472 -17.159  22.890   7.095 -17.528  21.866   7.153 -17.347
  23.557   8.484 -16.890  24.547   8.455 -18.413  23.696   8.667 -16.762  22.785
   9.683 -15.697  22.609   9.534 -16.938  23.609  10.955 -17.997  23.737  11.165
 -16.470  23.095  11.793 -16.469  24.585  10.832 -17.477  21.450   9.896 -17.295
  20.792   9.050 -17.093  20.964  10.789 -18.549  21.612  10.005 -18.010  23.555
   5.989 -17.446  24.130   5.033 -19.254  23.470   6.071
  -1.717  19.225  16.315  -0.913  19.001  15.747  -2.242  18.372  16.442  -1.404
  19.545  17.219  -2.560  20.246  15.632  -3.438  20.436  16.254  -1.810  21.586
  15.416  -0.917  21.392  14.816  -2.448  22.256  14.835  -1.386  22.332  16.700
  -0.719  21.697  17.283  -0.630  23.614  16.340  -1.269  24.278  15.757  -0.317
  24.125  17.250   0.258  23.366  15.757  -2.581  22.721  17.577  -3.098  21.833
  17.941  -2.229  23.283  18.444  -3.278  23.343  17.016  -3.080  19.694  14.297
  -2.566  18.690  13.798  -4.098  20.333  13.708  -4.478  21.162  14.143  -4.708
  19.926  12.434  -3.927  19.706  11.705  -5.288  19.015  12.590  -5.632  20.992
  11.833  -5.685  22.126  12.322  -6.352  20.622  10.769  -6.256  19.671  10.441
  -7.291  21.477  10.036  -7.626  22.269  10.704  -6.553  22.110   8.850  -6.252
  21.337   8.141  -7.214  22.817   8.347  -5.664  22.635   9.201  -8.536  20.699
   9.557  -8.447  19.499   9.278  -9.693  21.367   9.447  -9.685  22.367   9.633
 -10.979  20.741   9.050 -10.773  19.956   8.321 -11.689  20.104  10.265 -12.009
  20.902  10.934 -12.912  19.259   9.908 -12.663  18.540   9.127 -13.257  18.720
  10.791 -13.723  19.901   9.569 -10.824  19.252  10.990 -10.425  18.638  10.356
 -11.936  21.747   8.392 -12.015  22.899   8.824 -12.683  21.308   7.371 -12.568
  20.348   7.079 -13.701  22.097   6.659 -13.380  23.135   6.607 -13.780  21.734
   5.635 -15.103  22.049   7.284 -15.479  21.066   7.929 -15.884  23.115   7.066
 -15.467  23.888   6.555 -17.241  23.355   7.597 -17.606  22.446   8.074 -17.139
  24.467   8.671 -16.661  25.337   8.217 -18.141  24.771   8.974 -16.348  24.077
   9.935 -15.402  23.608   9.668 -16.032  25.329  10.740 -16.949  25.852  10.986
 -15.511  25.055  11.655 -15.394  25.985  10.149 -17.152  23.120  10.814 -17.277
  22.168  10.300 -16.624  22.943  11.747 -18.131  23.540  11.034 -18.268  23.687
   6.494 -17.875  24.079   5.374 -19.482  23.550   6.759
   0.053  21.035  12.083  -0.071  21.647  11.290   0.123  20.092  11.730   0.919
  21.267  12.546  -1.109  21.150  13.007  -0.967  20.442  13.827  -1.256  22.571
  13.606  -1.346  23.287  12.786  -2.184  22.619  14.181  -0.100  23.016  14.530
   0.841  22.949  13.986  -0.294  24.470  14.966  -1.214  24.570  15.543   0.551
  24.783  15.579  -0.347  25.113  14.087   0.001  22.157  15.795   0.228  21.122
  15.540   0.805  22.533  16.428  -0.935  22.196  16.353  -2.396  20.734  12.285
  -2.463  20.792  11.055  -3.417  20.299  13.033  -3.314  20.283  14.038  -4.697
  19.827  12.482  -4.498  19.059  11.734  -5.286  19.367  13.275  -5.551  20.929
  11.837  -5.502  22.092  12.249  -6.344  20.547  10.831  -6.333  19.571  10.567
  -7.270  21.412  10.096  -7.578  22.223  10.754  -6.538  22.007   8.886  -6.249
  21.212   8.196  -7.197  22.706   8.369  -5.643  22.536   9.214  -8.537  20.646
   9.653  -8.512  19.417   9.523  -9.660  21.342   9.431  -9.623  22.353   9.538
 -10.942  20.732   8.994 -10.729  19.925   8.292 -11.706  20.141  10.198 -11.947
  20.950  10.888 -13.006  19.420   9.848 -12.835  18.698   9.049 -13.384  18.897
  10.727 -13.760  20.142   9.537 -10.908  19.198  10.884 -10.135  19.016  10.320
 -11.846  21.743   8.276 -11.920  22.901   8.691 -12.555  21.302   7.230 -12.440
  20.338   6.954 -13.553  22.085   6.485 -13.262  23.133   6.480 -13.570  21.750
   5.448 -14.980  21.972   7.041 -15.374  20.923   7.559 -15.757  23.056   6.921
 -15.331  23.878   6.502 -17.104  23.250   7.489 -17.435  22.311   7.935 -17.017
  24.303   8.625 -16.741  25.273   8.207 -18.018  24.409   9.042 -16.043  23.949
   9.770 -15.910  22.869   9.829 -14.684  24.625   9.593 -14.804  25.707   9.579
 -14.018  24.334  10.403 -14.235  24.312   8.656 -16.604  24.428  11.104 -17.551
  23.926  11.296 -15.913  24.182  11.907 -16.751  25.506  11.073 -18.169  23.605
   6.429 -17.814  24.003   5.298 -19.373  23.483   6.738
  -1.974  19.410  16.832  -1.156  19.143  16.303  -2.524  18.576  16.976  -1.685
  19.761  17.732  -2.767  20.419  16.076  -3.659  20.659  16.659  -1.974  21.729
  15.825  -1.080  21.488  15.245  -2.585  22.396  15.213  -1.544  22.507  17.089
  -0.901  21.875  17.700  -0.748  23.754  16.692  -1.361  24.415  16.079  -0.431
  24.289  17.587   0.139  23.461  16.128  -2.736  22.960  17.939  -3.285  22.101
  18.323  -2.375  23.536  18.793  -3.406  23.587  17.352  -3.256  19.819  14.750
  -2.755  18.776  14.320  -4.231  20.456  14.091  -4.604  21.316  14.470  -4.804
  19.999  12.817  -4.002  19.704  12.138  -5.428  19.122  12.998  -5.657  21.059
  12.108  -5.699  22.219  12.533  -6.325  20.652  11.024  -6.237  19.682  10.753
  -7.189  21.488  10.185  -7.591  22.291  10.799  -6.335  22.095   9.062  -5.966
  21.305   8.407  -6.941  22.788   8.478  -5.484  22.628   9.485  -8.370  20.689
   9.588  -8.246  19.480   9.376  -9.506  21.343   9.297  -9.534  22.347   9.456
 -10.639  20.733   8.556 -10.219  20.162   7.727 -11.425  19.740   9.439 -10.720
  19.149  10.023 -12.423  20.395  10.395 -13.294  20.762   9.850 -12.750  19.664
  11.134 -11.953  21.233  10.905 -12.157  18.858   8.616 -12.529  18.174   9.191
 -11.594  21.771   7.942 -11.611  22.929   8.368 -12.402  21.349   6.963 -12.362
  20.365   6.736 -13.443  22.146   6.297 -13.159  23.196   6.307 -13.513  21.842
   5.252 -14.839  22.009   6.923 -15.182  20.967   7.489 -15.650  23.069   6.805
 -15.259  23.895   6.359 -16.991  23.237   7.396 -17.312  22.284   7.819 -16.901
  24.263   8.557 -16.619  25.241   8.162 -17.903  24.365   8.972 -15.936  23.879
   9.700 -15.829  22.796   9.752 -14.561  24.525   9.532 -14.660  25.610   9.508
 -13.911  24.228  10.352 -14.106  24.197   8.603 -16.493  24.363  11.034 -17.454
  23.885  11.219 -15.814  24.092  11.839 -16.612  25.445  11.011 -18.069  23.617
   6.356 -17.728  24.032   5.228 -19.271  23.494   6.678
  -1.007  19.645  15.834  -0.346  19.226  15.197  -1.568  18.900  16.220  -0.503
  20.088  16.588  -1.873  20.615  15.108  -2.605  21.016  15.814  -1.067  21.795
  14.507  -0.292  21.388  13.853  -1.730  22.396  13.881  -0.403  22.737  15.535
   0.250  22.157  16.186   0.450  23.787  14.819  -0.175  24.409  14.176   0.953
  24.417  15.553   1.209  23.293  14.211  -1.430  23.477  16.399  -2.004  22.774
  17.001  -0.914  24.158  17.079  -2.106  24.055  15.769  -2.670  19.893  14.013
  -2.304  18.788  13.603  -3.758  20.503  13.529  -4.013  21.413  13.887  -4.620
  19.956  12.471  -4.002  19.571  11.658  -5.206  19.129  12.871  -5.586  20.995
  11.885  -5.625  22.143  12.341  -6.350  20.589  10.866  -6.271  19.628  10.565
  -7.305  21.431  10.140  -7.633  22.227  10.807  -6.587  22.060   8.938  -6.282
  21.281   8.237  -7.260  22.752   8.432  -5.702  22.602   9.273  -8.557  20.650
   9.682  -8.491  19.434   9.475  -9.691  21.341   9.503  -9.659  22.347   9.652
 -10.982  20.743   9.084 -10.784  19.891   8.433 -11.784  20.249  10.307 -12.044
  21.112  10.921 -13.075  19.510   9.952 -12.875  18.726   9.220 -13.500  19.059
  10.848 -13.807  20.208   9.546 -11.020  19.364  11.102 -10.731  18.638  10.533
 -11.850  21.740   8.303 -11.940  22.905   8.690 -12.519  21.283   7.237 -12.399
  20.314   6.980 -13.496  22.058   6.455 -13.283  23.121   6.543 -13.399  21.796
   5.402 -14.953  21.811   6.867 -15.324  20.673   7.169 -15.781  22.865   6.850
 -15.384  23.761   6.577 -17.225  22.860   7.173 -17.584  21.831   7.165 -17.422
  23.432   8.604 -16.987  24.431   8.638 -18.491  23.536   8.796 -16.820  22.599
   9.752 -15.748  22.472   9.603 -17.040  23.332  11.073 -18.105  23.396  11.285
 -16.554  22.786  11.879 -16.614  24.333  11.017 -17.489  21.229   9.875 -17.279
  20.634   8.990 -17.092  20.701  10.739 -18.566  21.347   9.984 -18.085  23.585
   6.111 -17.529  24.178   5.162 -19.330  23.531   6.219
  -0.322  20.103  13.121  -0.436  19.108  12.994   0.542  20.265  13.615  -0.261
  20.519  12.203  -1.490  20.661  13.858  -1.579  20.143  14.816  -1.360  22.183
  14.133  -0.970  22.688  13.246  -2.365  22.574  14.307  -0.512  22.571  15.368
  -0.891  22.035  16.239   0.984  22.268  15.223   1.378  22.728  14.315   1.522
  22.673  16.081   1.159  21.194  15.210  -0.655  24.071  15.639  -1.703  24.316
  15.810  -0.092  24.340  16.533  -0.282  24.644  14.789  -2.777  20.363  13.079
  -2.740  20.211  11.855  -3.916  20.262  13.774  -3.890  20.408  14.774  -5.215
  19.914  13.179  -5.100  19.003  12.588  -5.930  19.700  13.974  -5.819  21.008
  12.285  -5.663  22.203  12.556  -6.528  20.581  11.235  -6.591  19.584  11.086
  -7.299  21.423  10.315  -7.630  22.305  10.858  -6.394  21.864   9.157  -6.060
  20.992   8.591  -6.948  22.529   8.494  -5.523  22.392   9.545  -8.547  20.676
   9.792  -8.529  19.446   9.672  -9.650  21.380   9.500  -9.607  22.392   9.591
 -10.922  20.774   9.031 -10.694  19.957   8.346 -11.729  20.205  10.219 -11.972
  21.025  10.896 -13.034  19.503   9.845 -12.859  18.776   9.052 -13.438  18.990
  10.718 -13.769  20.236   9.517 -10.968  19.254  10.935 -10.177  19.061  10.400
 -11.803  21.779   8.276 -11.887  22.942   8.675 -12.488  21.327   7.219 -12.368
  20.360   6.956 -13.475  22.101   6.449 -13.191  23.151   6.448 -13.466  21.763
   5.413 -14.913  21.980   6.973 -15.315  20.924   7.470 -15.690  23.064   6.850
 -15.261  23.891   6.444 -17.052  23.248   7.389 -17.386  22.306   7.826 -16.999
  24.301   8.527 -16.720  25.272   8.116 -18.011  24.401   8.919 -16.054  23.954
   9.698 -15.919  22.874   9.761 -14.693  24.633   9.552 -14.813  25.715   9.540
 -14.044  24.339  10.374 -14.223  24.325   8.623 -16.650  24.433  11.016 -17.603
  23.935  11.186 -15.981  24.186  11.837 -16.795  25.511  10.981 -18.094  23.598
   6.305 -17.718  24.002   5.183 -19.304  23.466   6.586
  -0.120  20.368  12.710  -0.133  20.764  11.781  -0.203  19.367  12.613   0.767
  20.575  13.144  -1.257  20.901  13.509  -1.248  20.416  14.488  -1.172  22.434
  13.719  -1.124  22.915  12.739  -2.089  22.777  14.203   0.026  22.914  14.567
   0.952  22.549  14.123   0.081  24.443  14.590  -0.821  24.841  15.055   0.956
  24.769  15.152   0.160  24.825  13.571  -0.051  22.425  16.017  -0.011  21.338
  16.058   0.797  22.817  16.580  -0.975  22.772  16.483  -2.586  20.528  12.843
  -2.634  20.331  11.627  -3.667  20.415  13.624  -3.576  20.598  14.614  -4.996
  20.027  13.130  -4.903  19.110  12.546  -5.649  19.811  13.976  -5.679  21.096
  12.265  -5.555  22.295  12.533  -6.411  20.648  11.240  -6.448  19.649  11.090
  -7.218  21.470  10.333  -7.572  22.338  10.885  -6.337  21.945   9.171  -5.966
  21.087   8.608  -6.925  22.578   8.508  -5.489  22.515   9.552  -8.445  20.694
   9.806  -8.383  19.469   9.648  -9.573  21.371   9.546  -9.562  22.382   9.663
 -10.830  20.737   9.073 -10.578  19.948   8.362 -11.606  20.106  10.249 -11.947
  20.903  10.911 -12.820  19.276   9.837 -12.537  18.541   9.082 -13.220  18.755
  10.708 -13.597  19.927   9.443 -10.787  19.233  11.001 -10.049  18.970  10.424
 -11.754  21.732   8.352 -11.848  22.891   8.762 -12.461  21.276   7.310 -12.327
  20.315   7.033 -13.468  22.043   6.558 -13.186  23.093   6.543 -13.478  21.701
   5.523 -14.900  21.926   7.105 -15.300  20.877   7.624 -15.677  23.008   6.975
 -15.250  23.827   6.550 -17.034  23.205   7.519 -17.368  22.273   7.977 -16.973
  24.279   8.637 -16.696  25.242   8.206 -17.983  24.387   9.034 -16.021  23.955
   9.809 -15.893  22.877   9.900 -14.656  24.620   9.636 -14.772  25.702   9.581
 -14.008  24.359  10.470 -14.189  24.273   8.721 -16.603  24.474  11.119 -17.555
  23.982  11.312 -15.925  24.250  11.940 -16.745  25.552  11.056 -18.082  23.538
   6.434 -17.711  23.912   5.300 -19.292  23.420   6.726
   0.041  20.977  11.914  -0.102  21.561  11.103   0.089  20.021  11.594   0.925
  21.214  12.340  -1.089  21.141  12.869  -0.930  20.461  13.709  -1.200  22.585
  13.420  -1.318  23.271  12.578  -2.103  22.662  14.030  -0.004  23.056  14.277
   0.913  22.969  13.695  -0.176  24.524  14.672  -1.065  24.644  15.293   0.701
  24.857  15.228  -0.276  25.138  13.776   0.152  22.240  15.564   0.365  21.196
  15.335   0.985  22.634  16.148  -0.758  22.301  16.162  -2.404  20.718  12.203
  -2.510  20.739  10.975  -3.405  20.319  12.996  -3.270  20.332  13.997  -4.708
  19.852  12.500  -4.545  19.057  11.771  -5.281  19.428  13.325  -5.561  20.950
  11.846  -5.511  22.115  12.254  -6.350  20.566  10.838  -6.338  19.591  10.574
  -7.268  21.434  10.096  -7.600  22.229  10.761  -6.515  22.056   8.912  -6.209
  21.277   8.213  -7.168  22.761   8.397  -5.629  22.582   9.268  -8.514  20.664
   9.606  -8.437  19.457   9.354  -9.656  21.348   9.453  -9.637  22.350   9.628
 -10.940  20.741   9.025 -10.730  19.926   8.331 -11.713  20.167  10.233 -11.997
  20.992  10.886 -12.978  19.393   9.866 -12.763  18.655   9.092 -13.366  18.882
  10.748 -13.744  20.081   9.512 -10.912  19.276  10.983 -10.557  18.616  10.369
 -11.839  21.751   8.297 -11.912  22.911   8.705 -12.545  21.305   7.250 -12.430
  20.340   6.980 -13.540  22.085   6.498 -13.249  23.134   6.489 -13.556  21.745
   5.463 -14.968  21.976   7.052 -15.363  20.929   7.574 -15.744  23.060   6.928
 -15.318  23.881   6.506 -17.091  23.257   7.497 -17.422  22.319   7.946 -17.003
  24.314   8.629 -16.728  25.282   8.207 -18.003  24.421   9.048 -16.026  23.963
   9.773 -15.889  22.883   9.832 -14.670  24.643   9.594 -14.793  25.725   9.579
 -14.002  24.355  10.402 -14.222  24.331   8.656 -16.586  24.440  11.108 -17.532
  23.936  11.301 -15.894  24.194  11.909 -16.734  25.518  11.078 -18.157  23.608
   6.436 -17.803  24.005   5.304 -19.361  23.483   6.746
  -0.574  19.789  15.313  -1.058  18.979  15.671  -0.063  20.217  16.070   0.079
  19.467  14.615  -1.548  20.737  14.704  -2.265  21.034  15.474  -0.863  22.013
  14.149  -0.105  21.712  13.423  -1.604  22.608  13.610  -0.201  22.926  15.205
   0.535  22.351  15.768   0.525  24.088  14.523  -0.185  24.707  13.972   1.032
  24.697  15.272   1.273  23.700  13.831  -1.217  23.520  16.187  -1.698  22.732
  16.766  -0.706  24.186  16.884  -1.974  24.088  15.647  -2.351  20.033  13.602
  -1.929  18.989  13.097  -3.505  20.590  13.218  -3.804  21.452  13.652  -4.383
  20.051  12.169  -3.783  19.737  11.314  -4.911  19.175  12.551  -5.424  21.064
  11.675  -5.514  22.179  12.200  -6.197  20.675  10.656  -6.078  19.736  10.303
  -7.203  21.508   9.988  -7.512  22.293  10.677  -6.554  22.159   8.759  -6.283
  21.393   8.030  -7.256  22.856   8.301  -5.654  22.699   9.055  -8.463  20.710
   9.588  -8.417  19.481   9.465  -9.604  21.383   9.387  -9.582  22.395   9.493
 -10.880  20.757   8.959 -10.663  19.958   8.248 -11.622  20.146  10.166 -11.859
  20.945  10.869 -12.921  19.416   9.828 -12.754  18.699   9.025 -13.284  18.887
  10.710 -13.684  20.134   9.529 -10.804  19.202  10.828 -10.017  19.066  10.269
 -11.806  21.761   8.258 -11.889  22.916   8.679 -12.519  21.319   7.214 -12.397
  20.357   6.933 -13.524  22.100   6.476 -13.234  23.148   6.466 -13.549  21.763
   5.439 -14.947  21.989   7.042 -15.333  20.946   7.579 -15.729  23.068   6.909
 -15.308  23.886   6.478 -17.076  23.264   7.478 -17.409  22.325   7.924 -16.989
  24.318   8.612 -16.714  25.287   8.192 -17.990  24.426   9.029 -16.016  23.966
   9.758 -15.882  22.886   9.819 -14.657  24.642   9.580 -14.778  25.725   9.563
 -13.992  24.354  10.392 -14.208  24.327   8.645 -16.577  24.446  11.091 -17.524
  23.945  11.283 -15.887  24.199  11.894 -16.723  25.525  11.059 -18.140  23.620
   6.416 -17.785  24.017   5.286 -19.345  23.499   6.725
  -0.046  20.833  12.087  -0.175  21.410  11.269  -0.001  19.874  11.777   0.833
  21.070  12.521  -1.187  21.014  13.026  -1.044  20.341  13.875  -1.296  22.464
  13.561  -1.394  23.143  12.711  -2.209  22.555  14.155  -0.111  22.932  14.434
   0.815  22.831  13.868  -0.276  24.406  14.812  -1.174  24.540  15.416   0.594
  24.734  15.381  -0.353  25.012  13.909   0.016  22.126  15.731   0.224  21.079
  15.515   0.842  22.518  16.326  -0.904  22.201  16.313  -2.497  20.593  12.349
  -2.587  20.597  11.119  -3.513  20.218  13.134  -3.390  20.243  14.137  -4.818
  19.767  12.628  -4.659  18.963  11.908  -5.406  19.360  13.451  -5.647  20.871
  11.955  -5.560  22.046  12.329  -6.457  20.482  10.966  -6.478  19.500  10.728
  -7.361  21.356  10.213  -7.669  22.170  10.866  -6.601  21.940   9.014  -6.302
  21.141   8.335  -7.244  22.640   8.481  -5.710  22.467   9.358  -8.628  20.606
   9.747  -8.591  19.387   9.548  -9.744  21.323   9.555  -9.691  22.328   9.698
 -11.045  20.745   9.138 -10.861  19.873   8.510 -11.870  20.299  10.364 -12.109
  21.180  10.960 -13.179  19.590  10.012 -12.996  18.787   9.298 -13.624  19.170
  10.914 -13.888  20.301   9.587 -11.137  19.408  11.181 -10.883  18.653  10.632
 -11.880  21.741   8.323 -11.962  22.913   8.689 -12.530  21.273   7.250 -12.416
  20.299   7.014 -13.487  22.041   6.439 -13.268  23.104   6.512 -13.377  21.759
   5.392 -14.951  21.810   6.835 -15.334  20.684   7.167 -15.772  22.869   6.778
 -15.365  23.755   6.489 -17.212  22.888   7.114 -17.572  21.862   7.180 -17.388
  23.555   8.505 -16.946  24.552   8.467 -18.453  23.678   8.705 -16.771  22.793
   9.694 -15.706  22.636   9.528 -16.942  23.615  10.969 -18.000  23.721  11.197
 -16.448  23.111  11.798 -16.495  24.600  10.837 -17.459  21.446   9.918 -17.273
  20.790   9.071 -17.056  20.969  10.807 -18.533  21.588  10.037 -18.083  23.540
   6.016 -17.538  24.124   5.055 -19.325  23.436   6.110
   0.037  20.977  11.958  -0.092  21.587  11.164   0.103  20.032  11.607   0.908
  21.208  12.412  -1.117  21.097  12.891  -0.968  20.392  13.712  -1.258  22.521
  13.486  -1.358  23.232  12.663  -2.179  22.570  14.071  -0.092  22.972  14.392
   0.843  22.908  13.836  -0.287  24.426  14.826  -1.195  24.523  15.422   0.569
  24.747  15.420  -0.361  25.067  13.947   0.030  22.117  15.658   0.258  21.083
  15.403   0.841  22.498  16.279  -0.899  22.154  16.229  -2.411  20.680  12.183
  -2.491  20.739  10.953  -3.425  20.247  12.941  -3.310  20.229  13.944  -4.714
  19.787  12.403  -4.529  19.023  11.646  -5.295  19.323  13.201  -5.569  20.899
  11.779  -5.511  22.057  12.205  -6.371  20.534  10.774  -6.367  19.563  10.494
  -7.299  21.415  10.061  -7.619  22.201  10.743  -6.563  22.055   8.876  -6.267
  21.286   8.160  -7.223  22.768   8.381  -5.672  22.576   9.226  -8.553  20.654
   9.580  -8.486  19.447   9.322  -9.693  21.345   9.443  -9.667  22.345   9.625
 -10.984  20.745   9.026 -10.785  19.925   8.335 -11.752  20.183  10.242 -12.023
  21.014  10.894 -13.029  19.422   9.888 -12.828  18.676   9.118 -13.417  18.923
  10.776 -13.789  20.117   9.535 -10.953  19.287  10.988 -10.618  18.616  10.376
 -11.879  21.757   8.298 -11.951  22.917   8.707 -12.583  21.314   7.249 -12.470
  20.348   6.979 -13.575  22.096   6.495 -13.282  23.144   6.487 -13.590  21.757
   5.460 -15.004  21.988   7.047 -15.400  20.942   7.570 -15.779  23.072   6.918
 -15.352  23.892   6.496 -17.128  23.268   7.484 -17.454  22.333   7.942 -17.046
  24.335   8.608 -16.766  25.298   8.179 -18.049  24.447   9.018 -16.079  23.992
   9.762 -15.947  22.912   9.832 -14.718  24.664   9.585 -14.835  25.747   9.566
 -14.055  24.375  10.398 -14.267  24.346   8.651 -16.647  24.484  11.089 -17.597
  23.987  11.281 -15.962  24.243  11.897 -16.792  25.562  11.047 -18.195  23.602
   6.420 -17.847  24.031   5.298 -19.396  23.432   6.717
   0.010  20.902  11.962  -0.123  21.484  11.148   0.039  19.944  11.647   0.899
  21.124  12.385  -1.115  21.092  12.918  -0.967  20.413  13.762  -1.197  22.541
  13.462  -1.298  23.225  12.617  -2.100  22.640  14.069   0.007  22.987  14.321
   0.923  22.874  13.743  -0.131  24.461  14.707  -1.020  24.608  15.322   0.751
  24.775  15.266  -0.209  25.072  13.806   0.137  22.175  15.614   0.327  21.126
  15.391   0.977  22.553  16.199  -0.774  22.262  16.208  -2.439  20.691  12.258
  -2.545  20.696  11.029  -3.450  20.327  13.056  -3.314  20.351  14.057  -4.760
  19.876  12.566  -4.610  19.065  11.851  -5.342  19.477  13.397  -5.593  20.976
  11.890  -5.532  22.146  12.282  -6.381  20.586  10.883  -6.378  19.606  10.637
  -7.292  21.446  10.123  -7.600  22.269  10.765  -6.542  22.014   8.910  -6.253
  21.206   8.237  -7.189  22.711   8.376  -5.645  22.540   9.239  -8.559  20.682
   9.680  -8.539  19.452   9.562  -9.678  21.380   9.443  -9.637  22.392   9.540
 -10.960  20.771   9.008 -10.748  19.957   8.314 -11.731  20.193  10.214 -11.966
  21.008  10.899 -13.036  19.479   9.867 -12.868  18.748   9.076 -13.420  18.967
  10.750 -13.782  20.204   9.547 -10.940  19.248  10.907 -10.162  19.067  10.350
 -11.859  21.779   8.278 -11.939  22.938   8.688 -12.557  21.333   7.226 -12.436
  20.368   6.954 -13.553  22.110   6.473 -13.264  23.159   6.464 -13.565  21.771
   5.437 -14.982  21.997   7.023 -15.376  20.948   7.542 -15.759  23.080   6.898
 -15.333  23.902   6.479 -17.111  23.269   7.458 -17.432  22.334   7.921 -17.043
  24.343   8.575 -16.766  25.306   8.143 -18.051  24.452   8.977 -16.085  24.012
   9.740 -15.954  22.932   9.820 -14.723  24.682   9.567 -14.840  25.765   9.537
 -14.066  24.401  10.387 -14.265  24.356   8.639 -16.665  24.516  11.057 -17.615
  24.019  11.248 -15.985  24.285  11.874 -16.811  25.593  11.003 -18.177  23.586
   6.388 -17.831  24.017   5.267 -19.378  23.402   6.682
   0.018  20.903  11.994  -0.104  21.500  11.189   0.065  19.952  11.662   0.894
  21.128  12.441  -1.131  21.063  12.928  -0.994  20.371  13.763  -1.243  22.500
  13.496  -1.333  23.198  12.660  -2.162  22.578  14.082  -0.067  22.946  14.392
   0.865  22.854  13.835  -0.232  24.412  14.799  -1.137  24.536  15.395   0.632
  24.726  15.384  -0.298  25.037  13.907   0.042  22.113  15.673   0.249  21.070
  15.437   0.862  22.490  16.285  -0.884  22.179  16.246  -2.435  20.658  12.231
  -2.516  20.692  11.001  -3.455  20.259  13.000  -3.340  20.261  14.004  -4.752
  19.808  12.473  -4.580  19.024  11.735  -5.341  19.373  13.281  -5.589  20.920
  11.823  -5.525  22.083  12.233  -6.383  20.547  10.814  -6.382  19.572  10.547
  -7.299  21.423  10.080  -7.623  22.218  10.750  -6.549  22.047   8.895  -6.248
  21.269   8.192  -7.201  22.757   8.386  -5.659  22.568   9.249  -8.551  20.661
   9.594  -8.482  19.453   9.341  -9.690  21.350   9.447  -9.665  22.351   9.624
 -10.979  20.749   9.027 -10.776  19.927   8.339 -11.751  20.187  10.242 -12.026
  21.018  10.891 -13.024  19.421   9.885 -12.818  18.674   9.117 -13.414  18.922
  10.773 -13.785  20.113   9.527 -10.953  19.294  10.993 -10.614  18.624  10.383
 -11.873  21.758   8.295 -11.947  22.919   8.701 -12.576  21.311   7.246 -12.461
  20.345   6.979 -13.568  22.091   6.490 -13.276  23.139   6.480 -13.580  21.749
   5.455 -14.997  21.982   7.040 -15.393  20.936   7.563 -15.773  23.066   6.910
 -15.346  23.886   6.488 -17.122  23.260   7.475 -17.447  22.325   7.935 -17.044
  24.329   8.596 -16.766  25.293   8.165 -18.048  24.441   9.005 -16.077  23.991
   9.752 -15.943  22.911   9.824 -14.718  24.666   9.574 -14.837  25.748   9.552
 -14.055  24.381  10.388 -14.265  24.346   8.641 -16.647  24.484  11.077 -17.596
  23.985  11.270 -15.961  24.247  11.886 -16.794  25.562  11.033 -18.190  23.589
   6.410 -17.845  24.019   5.288 -19.391  23.412   6.707
  -0.905  19.668  15.703  -1.492  18.942  16.085  -0.397  20.100  16.460  -0.249
  19.228  15.075  -1.734  20.659  14.963  -2.463  21.084  15.657  -0.887  21.813
  14.367  -0.113  21.381  13.729  -1.523  22.428  13.727  -0.215  22.743  15.401
   0.407  22.150  16.070   0.684  23.761  14.693   0.091  24.393  14.031   1.190
  24.383  15.432   1.440  23.239  14.106  -1.236  23.522  16.238  -1.848  22.841
  16.829  -0.714  24.188  16.926  -1.878  24.118  15.589  -2.538  19.956  13.860
  -2.185  18.850  13.444  -3.615  20.584  13.376  -3.861  21.494  13.741  -4.481
  20.052  12.314  -3.865  19.697  11.486  -5.049  19.205  12.699  -5.470  21.087
  11.762  -5.533  22.220  12.251  -6.232  20.692  10.738  -6.133  19.739  10.416
  -7.209  21.525  10.030  -7.523  22.328  10.696  -6.525  22.141   8.802  -6.245
  21.357   8.098  -7.210  22.834   8.312  -5.628  22.681   9.107  -8.469  20.731
   9.620  -8.428  19.501   9.508  -9.604  21.408   9.399  -9.579  22.420   9.493
 -10.881  20.782   8.974 -10.663  19.971   8.276 -11.633  20.191  10.185 -11.875
  21.002  10.872 -12.930  19.456   9.849 -12.757  18.727   9.057 -13.299  18.941
  10.736 -13.690  20.169   9.533 -10.821  19.258  10.870 -10.041  19.095  10.311
 -11.799  21.779   8.253 -11.885  22.938   8.661 -12.505  21.325   7.210 -12.381
  20.360   6.940 -13.506  22.096   6.458 -13.218  23.146   6.442 -13.523  21.752
   5.424 -14.933  21.986   7.015 -15.320  20.946   7.557 -15.716  23.062   6.869
 -15.294  23.878   6.434 -17.069  23.257   7.423 -17.403  22.320   7.873 -16.998
  24.321   8.550 -16.720  25.287   8.125 -18.005  24.428   8.954 -16.038  23.981
   9.711 -15.904  22.901   9.783 -14.677  24.656   9.541 -14.797  25.738   9.518
 -14.019  24.371  10.358 -14.220  24.337   8.609 -16.615  24.474  11.033 -17.565
  23.976  11.220 -15.935  24.235  11.846 -16.761  25.552  10.988 -18.123  23.601
   6.348 -17.759  24.000   5.221 -19.331  23.465   6.643
   0.046  20.938  11.867  -0.100  21.492  11.035   0.067  19.969  11.586   0.942
  21.173  12.266  -1.062  21.166  12.835  -0.901  20.519  13.700  -1.132  22.634
  13.327  -1.251  23.287  12.459  -2.022  22.756  13.948   0.090  23.111  14.142
   0.993  22.978  13.548  -0.041  24.597  14.480  -0.916  24.763  15.109   0.853
  24.930  15.008  -0.140  25.177  13.562   0.250  22.344  15.459   0.436  21.288
  15.268   1.102  22.742  16.012  -0.648  22.450  16.069  -2.398  20.744  12.212
  -2.528  20.718  10.986  -3.391  20.398  13.040  -3.236  20.448  14.037  -4.712
  19.935  12.587  -4.576  19.110  11.887  -5.275  19.554  13.439  -5.557  21.022
  11.907  -5.503  22.196  12.289  -6.348  20.618  10.908  -6.339  19.636  10.669
  -7.263  21.468  10.141  -7.577  22.293  10.778  -6.514  22.035   8.928  -6.220
  21.225   8.258  -7.164  22.726   8.389  -5.621  22.568   9.255  -8.525  20.695
   9.699  -8.499  19.464   9.591  -9.647  21.385   9.456  -9.611  22.398   9.545
 -10.926  20.769   9.020 -10.709  19.955   8.326 -11.694  20.189  10.226 -11.929
  21.003  10.912 -13.000  19.473   9.883 -12.834  18.743   9.090 -13.380  18.960
  10.766 -13.748  20.198   9.566 -10.901  19.244  10.917 -10.111  19.083  10.370
 -11.830  21.772   8.290 -11.914  22.931   8.700 -12.528  21.323   7.240 -12.405
  20.359   6.968 -13.525  22.099   6.485 -13.238  23.148   6.476 -13.536  21.759
   5.450 -14.955  21.984   7.034 -15.347  20.937   7.558 -15.736  23.063   6.901
 -15.311  23.885   6.479 -17.088  23.254   7.458 -17.415  22.317   7.913 -17.020
  24.321   8.582 -16.741  25.286   8.155 -18.027  24.430   8.984 -16.061  23.983
   9.745 -15.928  22.904   9.818 -14.700  24.658   9.576 -14.819  25.740   9.554
 -14.042  24.371  10.393 -14.243  24.340   8.645 -16.640  24.479  11.065 -17.589
  23.978  11.254 -15.959  24.244  11.880 -16.789  25.556  11.018 -18.149  23.585
   6.386 -17.794  24.004   5.263 -19.353  23.420   6.678
  -0.140  20.304  12.775  -0.084  20.599  11.811  -0.228  19.299  12.780   0.719
  20.549  13.244  -1.320  20.929  13.432  -1.389  20.547  14.453  -1.222  22.474
  13.488  -1.072  22.848  12.473  -2.173  22.877  13.844  -0.098  23.024  14.393
   0.850  22.567  14.111   0.037  24.538  14.218  -0.892  25.030  14.503   0.853
  24.907  14.839   0.262  24.769  13.176  -0.357  22.744  15.877  -0.394  21.672
  16.065   0.452  23.165  16.475  -1.299  23.199  16.189  -2.602  20.506  12.710
  -2.590  20.313  11.492  -3.709  20.348  13.445  -3.667  20.533  14.437  -5.005
  19.925  12.894  -4.852  19.056  12.251  -5.662  19.618  13.708  -5.727  21.013
  12.087  -5.614  22.204  12.395  -6.483  20.592  11.068  -6.516  19.599  10.885
  -7.332  21.438  10.223  -7.655  22.292  10.816  -6.510  21.945   9.031  -6.188
  21.105   8.414  -7.121  22.618   8.429  -5.631  22.484   9.386  -8.590  20.679
   9.744  -8.549  19.455   9.574  -9.721  21.369   9.539  -9.691  22.379   9.660
 -11.005  20.752   9.115 -10.792  19.960   8.395 -11.742  20.127  10.320 -12.024
  20.925  11.006 -13.003  19.341   9.963 -12.790  18.624   9.170 -13.363  18.805
  10.841 -13.788  20.024   9.642 -10.909  19.223  11.017 -10.200  18.960  10.405
 -11.944  21.758   8.431 -12.024  22.914   8.853 -12.675  21.314   7.400 -12.559
  20.352   7.119 -13.682  22.098   6.668 -13.368  23.139   6.623 -13.739  21.736
   5.642 -15.097  22.041   7.264 -15.484  21.049   7.888 -15.875  23.109   7.048
 -15.450  23.890   6.555 -17.233  23.346   7.576 -17.585  22.447   8.081 -17.143
  24.489   8.618 -16.703  25.360   8.130 -18.147  24.768   8.935 -16.312  24.160
   9.873 -15.361  23.706   9.599 -16.011  25.447  10.628 -16.935  25.963  10.865
 -15.474  25.217  11.545 -15.392  26.091  10.005 -17.070  23.215  10.804 -17.201
  22.250  10.318 -16.502  23.069  11.720 -18.045  23.630  11.051 -18.270  23.634
   6.469 -17.892  24.051   5.353 -19.477  23.443   6.730
  -1.814  19.292  16.505  -1.008  19.049  15.948  -2.351  18.449  16.643  -1.503
  19.624  17.406  -2.637  20.312  15.797  -3.520  20.521  16.406  -1.870  21.640
  15.570  -0.980  21.430  14.972  -2.500  22.314  14.984  -1.436  22.391  16.849
  -0.777  21.752  17.435  -0.664  23.660  16.478  -1.293  24.327  15.888  -0.347
  24.175  17.385   0.222  23.396  15.898  -2.624  22.803  17.723  -3.156  21.926
  18.091  -2.263  23.363  18.588  -3.311  23.434  17.159  -3.147  19.746  14.464
  -2.635  18.730  13.986  -4.152  20.384  13.853  -4.531  21.222  14.271  -4.747
  19.961  12.577  -3.958  19.716  11.865  -5.342  19.061  12.741  -5.648  21.025
  11.938  -5.706  22.166  12.408  -6.342  20.642  10.861  -6.247  19.684  10.553
  -7.252  21.490  10.086  -7.604  22.295  10.730  -6.474  22.099   8.913  -6.154
  21.312   8.228  -7.115  22.800   8.376  -5.594  22.627   9.281  -8.485  20.710
   9.578  -8.396  19.503   9.329  -9.631  21.385   9.408  -9.620  22.387   9.579
 -10.906  20.769   8.967 -10.684  19.959   8.271 -11.683  20.183  10.168 -11.988
  21.003  10.817 -12.931  19.387   9.787 -12.693  18.649   9.021 -13.323  18.875
  10.667 -13.703  20.061   9.420 -10.877  19.304  10.927 -10.502  18.654  10.316
 -11.811  21.775   8.240 -11.891  22.935   8.647 -12.515  21.327   7.192 -12.396
  20.362   6.922 -13.513  22.104   6.440 -13.223  23.153   6.429 -13.526  21.763
   5.405 -14.942  21.994   6.992 -15.334  20.950   7.522 -15.722  23.074   6.857
 -15.299  23.892   6.427 -17.072  23.269   7.420 -17.404  22.331   7.867 -16.990
  24.326   8.553 -16.716  25.295   8.132 -17.993  24.431   8.967 -16.020  23.977
   9.702 -15.880  22.897   9.760 -14.665  24.661   9.528 -14.791  25.743   9.513
 -14.000  24.375  10.340 -14.212  24.351   8.592 -16.588  24.449  11.035 -17.535
  23.945  11.220 -15.901  24.198  11.840 -16.736  25.527  11.010 -18.134  23.621
   6.356 -17.776  24.019   5.226 -19.339  23.495   6.661
  -1.923  19.283  16.614  -2.457  18.434  16.731  -1.637  19.608  17.525  -1.102
  19.049  16.074  -2.736  20.303  15.896  -3.634  20.502  16.487  -1.972  21.637
  15.694  -1.068  21.436  15.115  -2.592  22.311  15.099  -1.571  22.381  16.988
  -0.921  21.742  17.584  -0.798  23.657  16.642  -1.419  24.326  16.046  -0.501
  24.167  17.559   0.100  23.403  16.079  -2.782  22.778  17.839  -3.313  21.894
  18.190  -2.444  23.336  18.714  -3.462  23.406  17.264  -3.214  19.742  14.548
  -2.691  18.728  14.078  -4.205  20.381  13.916  -4.595  21.219  14.328  -4.774
  19.959  12.628  -3.970  19.718  11.931  -5.369  19.057  12.778  -5.667  21.022
  11.973  -5.721  22.167  12.435  -6.355  20.634  10.895  -6.259  19.675  10.594
  -7.259  21.480  10.109  -7.611  22.289  10.746  -6.470  22.080   8.938  -6.147
  21.288   8.260  -7.103  22.780   8.394  -5.590  22.606   9.310  -8.491  20.701
   9.598  -8.402  19.493   9.352  -9.636  21.376   9.421  -9.626  22.379   9.589
 -10.911  20.761   8.975 -10.686  19.951   8.279 -11.695  20.175  10.171 -12.001
  20.997  10.819 -12.943  19.382   9.786 -12.707  18.648   9.016 -13.337  18.866
  10.662 -13.714  20.060   9.422 -10.894  19.296  10.936 -10.518  18.643  10.328
 -11.812  21.767   8.243 -11.892  22.928   8.650 -12.514  21.321   7.194 -12.393
  20.356   6.921 -13.510  22.099   6.441 -13.220  23.148   6.432 -13.522  21.760
   5.405 -14.940  21.989   6.990 -15.334  20.945   7.517 -15.719  23.070   6.854
 -15.295  23.889   6.428 -17.070  23.266   7.415 -17.405  22.328   7.860 -16.991
  24.321   8.550 -16.716  25.291   8.131 -17.994  24.425   8.964 -16.020  23.971
   9.699 -15.879  22.891   9.754 -14.666  24.657   9.530 -14.792  25.739   9.521
 -14.001  24.365  10.340 -14.212  24.352   8.592 -16.589  24.439  11.033 -17.536
  23.935  11.217 -15.902  24.186  11.837 -16.737  25.518  11.010 -18.129  23.621
   6.348 -17.769  24.021   5.220 -19.336  23.496   6.650
   0.087  21.152  11.854  -0.075  21.781  11.082   0.186  20.223  11.472   0.952
  21.402  12.309  -1.062  21.196  12.800  -0.880  20.469  13.596  -1.251  22.593
  13.444  -1.389  23.327  12.648  -2.167  22.586  14.040  -0.094  23.059  14.354
   0.836  23.054  13.786  -0.341  24.488  14.843  -1.246  24.527  15.451   0.508
  24.822  15.439  -0.452  25.156  13.987   0.079  22.166  15.587   0.345  21.151
  15.292   0.882  22.557  16.212  -0.844  22.145  16.169  -2.346  20.755  12.088
  -2.438  20.851  10.861  -3.338  20.261  12.837  -3.215  20.214  13.839  -4.616
  19.777  12.294  -4.413  19.045  11.511  -5.177  19.271  13.080  -5.510  20.882
  11.711  -5.471  22.032  12.160  -6.321  20.521  10.712  -6.304  19.557  10.412
  -7.272  21.402  10.028  -7.590  22.173  10.728  -6.563  22.068   8.842  -6.272
  21.315   8.109  -7.237  22.784   8.371  -5.670  22.591   9.187  -8.526  20.636
   9.555  -8.454  19.431   9.290  -9.670  21.322   9.430  -9.647  22.320   9.617
 -10.959  20.720   9.011 -10.759  19.906   8.313 -11.722  20.143  10.224 -11.996
  20.966  10.885 -12.994  19.376   9.867 -12.788  18.638   9.090 -13.377  18.866
  10.751 -13.760  20.068   9.521 -10.915  19.245  10.961 -10.574  18.585  10.340
 -11.861  21.734   8.294 -11.929  22.893   8.708 -12.571  21.295   7.248 -12.459
  20.330   6.973 -13.566  22.081   6.502 -13.271  23.129   6.496 -13.586  21.745
   5.466 -14.992  21.975   7.060 -15.388  20.929   7.584 -15.766  23.060   6.936
 -15.339  23.879   6.513 -17.111  23.260   7.509 -17.444  22.322   7.957 -17.016
  24.314   8.643 -16.740  25.282   8.221 -18.015  24.424   9.065 -16.038  23.958
   9.783 -15.903  22.877   9.838 -14.680  24.635   9.603 -14.801  25.718   9.594
 -14.011  24.341  10.408 -14.236  24.326   8.662 -16.592  24.431  11.121 -17.539
  23.928  11.315 -15.898  24.179  11.919 -16.738  25.509  11.096 -18.178  23.616
   6.451 -17.826  24.016   5.320 -19.382  23.491   6.762
   0.086  21.146  11.831  -0.079  21.766  11.052   0.179  20.212  11.460   0.956
  21.400  12.275  -1.055  21.207  12.786  -0.870  20.489  13.588  -1.233  22.611
  13.415  -1.375  23.337  12.610  -2.144  22.615  14.018  -0.066  23.084  14.309
   0.858  23.068  13.733  -0.305  24.519  14.783  -1.203  24.568  15.400   0.552
  24.857  15.368  -0.422  25.177  13.921   0.113  22.204  15.551   0.373  21.185
  15.266   0.924  22.600  16.164  -0.804  22.194  16.142  -2.347  20.762  12.089
  -2.448  20.844  10.862  -3.334  20.280  12.853  -3.203  20.245  13.854  -4.618
  19.795  12.325  -4.424  19.050  11.551  -5.176  19.303  13.122  -5.510  20.896
  11.732  -5.473  22.048  12.177  -6.319  20.530  10.733  -6.299  19.564  10.437
  -7.267  21.406  10.042  -7.589  22.179  10.738  -6.553  22.071   8.857  -6.259
  21.316   8.126  -7.227  22.785   8.382  -5.663  22.595   9.205  -8.518  20.638
   9.564  -8.443  19.434   9.297  -9.664  21.322   9.438  -9.644  22.320   9.626
 -10.951  20.718   9.016 -10.747  19.906   8.316 -11.715  20.137  10.226 -11.993
  20.958  10.887 -12.983  19.366   9.863 -12.773  18.628   9.088 -13.368  18.856
  10.747 -13.750  20.056   9.515 -10.907  19.240  10.962 -10.565  18.581  10.342
 -11.852  21.732   8.299 -11.921  22.891   8.713 -12.563  21.293   7.252 -12.450
  20.329   6.977 -13.557  22.080   6.507 -13.262  23.127   6.501 -13.576  21.744
   5.470 -14.984  21.973   7.064 -15.380  20.927   7.588 -15.758  23.058   6.939
 -15.330  23.877   6.516 -17.103  23.258   7.510 -17.437  22.321   7.958 -17.010
  24.313   8.643 -16.733  25.282   8.222 -18.009  24.423   9.065 -16.032  23.958
   9.785 -15.898  22.878   9.842 -14.674  24.634   9.604 -14.794  25.717   9.591
 -14.005  24.343  10.411 -14.228  24.322   8.665 -16.587  24.434  11.122 -17.533
  23.932  11.316 -15.894  24.184  11.921 -16.733  25.513  11.095 -18.169  23.615
   6.451 -17.815  24.013   5.320 -19.373  23.491   6.761
   0.038  20.962  11.957  -0.095  21.564  11.158   0.093  20.014  11.616   0.914
  21.192  12.401  -1.106  21.101  12.900  -0.956  20.403  13.727  -1.232  22.532
  13.480  -1.335  23.235  12.651  -2.147  22.594  14.074  -0.054  22.985  14.371
   0.874  22.909  13.806  -0.235  24.444  14.793  -1.136  24.552  15.398   0.630
  24.765  15.374  -0.317  25.076  13.908   0.075  22.142  15.644   0.293  21.103
  15.398   0.896  22.523  16.253  -0.847  22.191  16.225  -2.410  20.686  12.207
  -2.497  20.725  10.977  -3.423  20.276  12.978  -3.303  20.273  13.981  -4.719
  19.817  12.455  -4.544  19.035  11.714  -5.302  19.377  13.264  -5.564  20.925
  11.809  -5.508  22.087  12.223  -6.356  20.550  10.800  -6.350  19.577  10.530
  -7.276  21.425  10.067  -7.602  22.217  10.739  -6.528  22.052   8.883  -6.225
  21.276   8.179  -7.182  22.760   8.375  -5.639  22.575   9.238  -8.525  20.659
   9.581  -8.453  19.452   9.326  -9.667  21.346   9.436  -9.645  22.347   9.614
 -10.954  20.740   9.016 -10.749  19.923   8.323 -11.721  20.170  10.229 -12.003
  20.997  10.881 -12.987  19.394   9.869 -12.775  18.654   9.097 -13.371  18.886
  10.754 -13.755  20.081   9.517 -10.916  19.282  10.979 -10.567  18.619  10.367
 -11.855  21.749   8.291 -11.927  22.910   8.698 -12.562  21.303   7.245 -12.448
  20.337   6.975 -13.559  22.083   6.495 -13.266  23.131   6.483 -13.578  21.741
   5.460 -14.986  21.976   7.053 -15.380  20.932   7.581 -15.761  23.060   6.924
 -15.335  23.878   6.498 -17.107  23.260   7.495 -17.438  22.324   7.948 -17.015
  24.321   8.623 -16.741  25.287   8.197 -18.015  24.431   9.043 -16.038  23.973
   9.766 -15.900  22.893   9.827 -14.682  24.653   9.584 -14.805  25.735   9.569
 -14.012  24.364  10.391 -14.236  24.340   8.645 -16.596  24.452  11.101 -17.541
  23.947  11.296 -15.902  24.207  11.901 -16.745  25.530  11.070 -18.174  23.608
   6.434 -17.822  24.005   5.302 -19.378  23.481   6.745
   0.088  21.056  11.962  -0.048  21.679  11.180   0.171  20.120  11.593   0.952
  21.293  12.427  -1.074  21.138  12.890  -0.919  20.418  13.698  -1.241  22.546
  13.514  -1.344  23.274  12.706  -2.168  22.570  14.091  -0.090  22.994  14.441
   0.851  22.953  13.893  -0.307  24.437  14.902  -1.222  24.510  15.491   0.539
  24.756  15.511  -0.381  25.094  14.035   0.031  22.116  15.690   0.273  21.090
  15.417   0.832  22.494  16.327  -0.903  22.131  16.254  -2.356  20.715  12.165
  -2.428  20.797  10.936  -3.369  20.251  12.907  -3.261  20.215  13.911  -4.647
  19.782  12.350  -4.445  19.035  11.581  -5.228  19.296  13.135  -5.513  20.893
  11.738  -5.464  22.048  12.173  -6.314  20.530  10.732  -6.304  19.561  10.444
  -7.249  21.411  10.027  -7.570  22.191  10.715  -6.520  22.061   8.843  -6.224
  21.297   8.122  -7.185  22.774   8.355  -5.630  22.583   9.194  -8.502  20.648
   9.545  -8.432  19.443   9.283  -9.644  21.337   9.412  -9.620  22.336   9.596
 -10.933  20.736   8.993 -10.732  19.919   8.299 -11.699  20.166  10.207 -11.973
  20.992  10.863 -12.973  19.400   9.849 -12.768  18.662   9.073 -13.357  18.892
  10.734 -13.737  20.094   9.502 -10.897  19.269  10.949 -10.559  18.604  10.332
 -11.831  21.748   8.270 -11.899  22.908   8.679 -12.541  21.305   7.224 -12.429
  20.339   6.953 -13.537  22.088   6.477 -13.244  23.137   6.469 -13.554  21.751
   5.440 -14.963  21.978   7.033 -15.358  20.930   7.552 -15.738  23.064   6.915
 -15.312  23.885   6.495 -17.081  23.261   7.493 -17.414  22.321   7.936 -16.982
  24.308   8.633 -16.710  25.279   8.217 -17.979  24.413   9.062 -15.996  23.946
   9.765 -15.855  22.866   9.811 -14.643  24.632   9.583 -14.769  25.714   9.583
 -13.967  24.336  10.382 -14.203  24.333   8.638 -16.546  24.406  11.109 -17.488
  23.896  11.305 -15.846  24.153  11.901 -16.698  25.483  11.093 -18.151  23.626
   6.441 -17.803  24.022   5.307 -19.354  23.513   6.761
   0.066  20.981  11.912  -0.067  21.585  11.114   0.130  20.035  11.568   0.938
  21.216  12.361  -1.085  21.109  12.848  -0.935  20.408  13.673  -1.222  22.536
  13.435  -1.326  23.243  12.608  -2.141  22.590  14.023  -0.052  22.993  14.334
   0.880  22.925  13.774  -0.244  24.450  14.760  -1.150  24.551  15.359   0.615
  24.773  15.349  -0.322  25.086  13.877   0.074  22.146  15.604   0.300  21.109
  15.355   0.889  22.529  16.220  -0.852  22.187  16.180  -2.382  20.690  12.146
  -2.466  20.748  10.916  -3.392  20.256  12.908  -3.274  20.239  13.911  -4.682
  19.794  12.375  -4.499  19.031  11.617  -5.261  19.330  13.174  -5.540  20.905
  11.753  -5.486  22.063  12.180  -6.342  20.540  10.747  -6.335  19.569  10.466
  -7.272  21.420  10.035  -7.593  22.204  10.719  -6.539  22.062   8.850  -6.240
  21.294   8.135  -7.201  22.773   8.356  -5.649  22.585   9.201  -8.526  20.657
   9.555  -8.456  19.451   9.294  -9.668  21.345   9.421  -9.644  22.344   9.604
 -10.957  20.742   9.004 -10.756  19.926   8.308 -11.720  20.168  10.219 -11.998
  20.994  10.874 -12.989  19.396   9.862 -12.781  18.656   9.089 -13.372  18.889
  10.748 -13.756  20.085   9.512 -10.913  19.276  10.961 -10.566  18.616  10.344
 -11.859  21.753   8.284 -11.930  22.912   8.696 -12.569  21.311   7.239 -12.455
  20.346   6.966 -13.566  22.093   6.493 -13.274  23.141   6.484 -13.587  21.755
   5.457 -14.992  21.984   7.054 -15.385  20.938   7.579 -15.767  23.069   6.932
 -15.342  23.888   6.507 -17.111  23.267   7.508 -17.439  22.331   7.963 -17.016
  24.327   8.637 -16.742  25.294   8.210 -18.014  24.437   9.060 -16.034  23.977
   9.777 -15.898  22.897   9.836 -14.678  24.656   9.590 -14.800  25.738   9.577
 -14.006  24.366  10.395 -14.236  24.344   8.649 -16.587  24.456  11.113 -17.532
  23.952  11.311 -15.892  24.209  11.912 -16.736  25.534  11.084 -18.184  23.613
   6.453 -17.839  24.015   5.321 -19.386  23.480   6.769
