#Frame       SA_00001
       1    5955.2906
       2    5963.7367
       3    6053.2944
       4    6001.5841
       5    5972.5244
       6    5971.6827
       7    6003.4161
       8    6008.1314
       9    5979.7178
      10    6017.9062
      11    5979.0112
      12    5969.7815
      13    6008.1351
      14    6004.3727
      15    6007.8380
      16    6006.7657
      17    6016.6140
      18    5971.2700
      19    5964.6801
      20    5969.1421
      21    5963.1420
      22    6026.4712
      23    5967.4526
      24    5954.4062
      25    6021.7928
      26    6018.6133
      27    5973.1329
      28    6000.8016
      29    5951.1815
      30    5950.8922
      31    5964.8936
      32    5956.4260
      33    6001.8842
      34    5914.9726
      35    5970.2258
      36    5969.6704
      37    6005.9730
      38    6010.8751
      39    6015.4828
      40    6011.7717
      41    6018.1682
      42    6010.9833
      43    5984.5498
      44    5980.0898
      45    5972.2590
      46    5962.4332
      47    5960.0685
      48    5974.6766
      49    5920.9378
      50    5981.8816
