#Frame       SA_00001
       1    6095.7129
       2    6100.8839
       3    6015.8166
       4    6050.4982
       5    6089.9212
       6    6115.1510
       7    6113.5089
       8    6115.2028
       9    6089.7838
      10    6007.9419
      11    6095.7552
      12    6113.4486
      13    6122.5141
      14    6087.0868
      15    6006.8053
      16    6156.7629
      17    6155.4343
      18    6116.3078
      19    6147.5187
      20    5991.8372
      21    6136.1317
      22    6101.7819
      23    6149.9972
      24    6054.3969
      25    6118.0647
      26    6126.3601
      27    6160.9329
      28    6135.6261
      29    6150.9589
      30    6024.5898
      31    6189.7520
      32    6043.3372
      33    6126.2918
      34    6134.5234
      35    6125.5838
      36    6186.2969
      37    6142.6575
      38    6100.1479
      39    6148.6273
      40    6115.9364
      41    6123.6833
      42    6086.8611
      43    6093.5095
      44    5996.0115
      45    6110.1060
      46    6159.6026
      47    6127.4386
      48    6023.5836
      49    6068.7510
      50    6101.8919
