#Frame       SA_00001
       1    5988.9180
       2    6018.9504
       3    5944.8426
       4    5993.6973
       5    6010.2607
       6    5994.9461
       7    5997.1094
       8    5997.5186
       9    5985.0210
      10    5944.2132
      11    5991.9846
      12    5998.9382
      13    6048.5373
      14    5983.5789
      15    5938.2555
      16    6040.7134
      17    6036.0230
      18    6060.9992
      19    6030.0092
      20    5984.6917
      21    6030.3763
      22    6046.2700
      23    6037.1266
      24    5950.7806
      25    6000.0133
      26    6003.6948
      27    6002.7487
      28    6033.8280
      29    6033.2924
      30    5972.2847
      31    6096.7524
      32    5951.4682
      33    6041.0698
      34    6032.0972
      35    6029.8918
      36    6096.6900
      37    6052.3973
      38    5979.3964
      39    6056.3710
      40    5997.8973
      41    6013.3467
      42    6023.1812
      43    6010.2304
      44    5961.9657
      45    6030.3442
      46    6022.6038
      47    6029.5926
      48    5939.2828
      49    5954.4378
      50    6041.3351
