#Frame       SA_00001
       1     909.1325
       2     899.6525
       3     906.7125
       4     887.8807
       5     895.4162
       6     910.0017
       7     908.6233
       8     909.1277
       9     908.1451
      10     906.6167
      11     908.7535
      12     908.5045
      13     901.6441
      14     908.3354
      15     906.8513
      16     907.9189
      17     909.1487
      18     905.6656
      19     909.2032
      20     893.8483
      21     908.3598
      22     904.0336
      23     908.6830
      24     877.5259
      25     909.2986
      26     910.0929
      27     899.1134
      28     908.5476
      29     908.1132
      30     897.3525
      31     906.2825
      32     907.1602
      33     899.2049
      34     907.9295
      35     896.5668
      36     905.8864
      37     906.4983
      38     890.8562
      39     905.9264
      40     901.1208
      41     885.7188
      42     863.5778
      43     875.4825
      44     836.6591
      45     864.6201
      46     893.4407
      47     904.3150
      48     867.0694
      49     889.9749
      50     901.8294
