#Frame       SA_00001
       1    5998.1748
       2    5996.0000
       3    6034.4280
       4    6027.7502
       5    6003.9219
       6    5984.3879
       7    5930.8401
       8    6012.1473
       9    5963.5069
      10    5965.1611
      11    6017.1190
      12    6020.9210
      13    5975.7373
      14    6005.9333
      15    6055.1271
      16    5974.4069
      17    6005.0479
      18    6004.6645
      19    5981.3678
      20    5933.4819
      21    5992.2270
      22    6013.3310
      23    5977.1133
      24    5976.8301
      25    5993.0621
      26    5987.1009
      27    5948.2081
      28    6026.4594
      29    5985.8842
      30    6061.2079
      31    5950.4638
      32    5925.4635
      33    6000.5747
      34    6044.0439
      35    5969.6916
      36    6035.3737
      37    6015.9817
      38    6009.5036
      39    5970.1009
      40    5906.7529
      41    5932.3871
      42    5935.2403
      43    5979.3851
      44    5997.0449
      45    6062.3881
      46    5990.9308
      47    6002.7609
      48    5971.2971
      49    6027.7560
      50    5990.0224
