#Frame       SA_00001
       1     954.0336
       2     963.7862
       3     966.6751
       4     930.7412
       5     956.8874
       6     952.4825
       7     957.6773
       8     910.3119
       9     958.2818
      10     958.3661
      11     960.5262
      12     931.3339
      13     959.2627
      14     959.5548
      15     957.5325
      16     959.1083
      17     950.8034
      18     955.5307
      19     952.1221
      20     964.2533
      21     955.3455
      22     932.3020
      23     962.7142
      24     959.2381
      25     955.7452
      26     960.4574
      27     955.8454
      28     953.3342
      29     957.6665
      30     912.4749
      31     952.4149
      32     951.2787
      33     955.0981
      34     910.4339
      35     962.4241
      36     953.8650
      37     945.8776
      38     937.1001
      39     958.7779
      40     960.4504
      41     921.0585
      42     949.3861
      43     941.1772
      44     958.4439
      45     957.2358
      46     962.9076
      47     963.3680
      48     952.0206
      49     954.9758
      50     954.7955
