#Frame       SA_00001
       1    6076.2955
       2    6070.1210
       3    6142.9951
       4    6125.1597
       5    6049.5363
       6    6076.3724
       7    6035.7018
       8    6014.4525
       9    6034.5939
      10    6060.8252
      11    6131.3931
      12    6124.3679
      13    6060.1234
      14    6110.4396
      15    6042.9725
      16    6053.4414
      17    6073.3438
      18    6053.0511
      19    6079.3447
      20    5923.9755
      21    6094.7891
      22    6073.5989
      23    6042.8007
      24    6060.5686
      25    6046.3311
      26    6071.3168
      27    6048.8609
      28    6118.6357
      29    6029.3836
      30    6010.6926
      31    6041.0113
      32    5998.2410
      33    6077.5005
      34    6053.0430
      35    6061.4250
      36    6045.9344
      37    6076.0221
      38    6059.6871
      39    6046.0307
      40    6000.8419
      41    5994.0049
      42    6002.1530
      43    6046.1386
      44    6100.5144
      45    6055.1532
      46    6054.6140
      47    6071.4986
      48    6065.3785
      49    6085.7838
      50    6068.5552
