Cpptraj Generated trajectory                                                    
  -0.097  21.117  12.369  -0.233  21.541  11.464  -0.002  20.123  12.225   0.758
  21.469  12.772  -1.268  21.396  13.242  -1.121  20.884  14.195  -1.431  22.906
  13.526  -1.363  23.454  12.585  -2.422  23.094  13.941  -0.388  23.471  14.509
   0.612  23.296  14.106  -0.528  24.552  14.572  -0.474  22.884  15.930  -1.377
  22.065  16.217   0.389  23.220  16.770  -2.550  20.811  12.638  -2.576  20.447
  11.461  -3.607  20.678  13.444  -3.534  21.010  14.396  -4.889  20.069  13.044
  -4.663  19.225  12.389  -5.570  19.500  14.303  -4.802  19.006  14.900  -5.989
  20.318  14.893  -6.670  18.470  13.999  -7.486  18.965  13.470  -6.257  17.706
  13.335  -7.219  17.777  15.261  -6.517  17.685  16.295  -8.370  17.284  15.225
  -5.789  21.038  12.242  -5.717  22.256  12.427  -6.618  20.504  11.333  -6.667
  19.497  11.269  -7.420  21.255  10.344  -7.531  22.283  10.682  -6.700  21.265
   8.979  -6.629  20.235   8.627  -7.309  21.828   8.270  -5.290  21.884   9.004
  -5.375  22.926   9.320  -4.674  21.358   9.734  -4.562  21.817   7.650  -4.965
  21.052   6.744  -3.544  22.527   7.482  -8.831  20.647  10.159  -9.039  19.468
  10.458  -9.817  21.422   9.677  -9.613  22.401   9.494 -11.140  20.911   9.240
 -10.980  19.987   8.683 -12.024  20.581  10.454 -11.469  19.950  11.148 -12.307
  21.504  10.964 -13.184  19.879  10.046 -13.603  19.495  10.829 -11.889  21.888
   8.311 -11.614  23.088   8.340 -12.850  21.387   7.515 -13.055  20.404   7.643
 -13.724  22.137   6.580 -13.419  23.183   6.576 -13.533  21.584   5.150 -12.469
  21.587   4.911 -13.885  20.551   5.119 -14.275  22.399   4.075 -15.338  22.421
   4.304 -13.899  23.423   4.080 -14.125  21.806   2.666 -13.069  21.774   2.400
 -14.500  20.781   2.661 -14.853  22.616   1.666 -14.317  23.308   1.148 -16.153
  22.600   1.420 -16.975  21.763   1.983 -16.629  21.058   2.609 -17.961  21.838
   1.775 -16.688  23.440   0.589 -16.110  24.111   0.087 -17.692  23.436   0.481
 -15.199  22.099   7.020 -15.647  21.109   7.607 -15.956  23.157   6.703 -15.493
  23.933   6.242 -17.357  23.376   7.111 -17.729  22.471   7.590 -17.376  24.493
   8.167 -16.988  25.412   7.724 -18.405  24.682   8.473 -16.558  24.152   9.397
 -15.191  24.482   9.453 -14.732  25.014   8.632 -14.419  24.091  10.559 -13.362
  24.303  10.578 -15.021  23.424  11.637 -14.432  23.171  12.505 -16.383  23.081
  11.579 -16.846  22.547  12.395 -17.145  23.427  10.449 -18.186  23.146  10.393
 -18.313  23.656   5.937 -17.950  24.391   4.995 -19.454  23.144   5.973
  -0.700  19.609  15.320  -0.403  18.807  14.784  -1.249  19.277  16.097   0.116
  20.079  15.680  -1.501  20.519  14.463  -1.861  21.343  15.082  -0.629  21.116
  13.339   0.204  21.644  13.805  -0.220  20.304  12.735  -1.375  22.088  12.408
  -2.170  21.549  11.886  -1.836  22.873  13.011  -0.437  22.731  11.375   0.621
  23.284  11.756  -0.747  22.693  10.162  -2.728  19.786  13.909  -2.628  18.613
  13.544  -3.885  20.454  13.847  -3.909  21.426  14.123  -5.144  19.912  13.300
  -4.924  19.042  12.679  -6.087  19.457  14.432  -6.334  20.314  15.061  -7.006
  19.089  13.974  -5.501  18.340  15.313  -5.222  17.498  14.675  -4.597  18.707
  15.803  -6.485  17.845  16.387  -7.674  17.594  16.081  -6.065  17.667  17.555
  -5.857  20.939  12.398  -5.693  22.150  12.575  -6.648  20.454  11.433  -6.746
  19.451  11.358  -7.384  21.249  10.434  -7.615  22.219  10.866  -6.469  21.465
   9.213  -5.572  21.989   9.547  -6.172  20.487   8.829  -7.103  22.267   8.063
  -8.006  21.757   7.724  -7.386  23.253   8.435  -6.172  22.441   6.850  -4.992
  22.022   6.882  -6.623  23.011   5.830  -8.712  20.560  10.038  -8.780  19.327
  10.033  -9.773  21.317   9.716  -9.663  22.329   9.728 -11.046  20.772   9.192
 -10.809  19.946   8.519 -11.899  20.209  10.339 -11.293  19.531  10.942 -12.249
  21.028  10.969 -13.007  19.489   9.829 -13.451  19.046  10.568 -11.871  21.796
   8.387 -11.757  23.002   8.620 -12.717  21.311   7.462 -12.794  20.303   7.426
 -13.623  22.081   6.579 -13.323  23.129   6.592 -13.477  21.556   5.135 -12.420
  21.541   4.869 -13.849  20.530   5.092 -14.231  22.404   4.094 -15.284  22.457
   4.359 -13.823  23.416   4.093 -14.138  21.810   2.682 -13.090  21.752   2.385
 -14.539  20.794   2.686 -14.871  22.639   1.705 -14.324  23.311   1.171 -16.177
  22.663   1.496 -17.009  21.856   2.087 -16.667  21.139   2.701 -17.997  21.964
   1.910 -16.707  23.518   0.678 -16.113  24.151   0.146 -17.712  23.543   0.591
 -15.086  22.013   7.051 -15.518  20.977   7.563 -15.855  23.083   6.818 -15.403
  23.896   6.413 -17.267  23.234   7.219 -17.560  22.349   7.785 -17.378  24.425
   8.182 -17.028  25.332   7.686 -18.422  24.572   8.455 -16.576  24.195   9.443
 -15.242  24.632   9.523 -14.806  25.189   8.706 -14.465  24.301  10.643 -13.428
  24.589  10.676 -15.030  23.579  11.707 -14.434  23.355  12.579 -16.361  23.138
  11.626 -16.797  22.562  12.428 -17.128  23.433  10.487 -18.141  23.067  10.410
 -18.249  23.311   6.040 -18.132  24.220   5.191 -19.163  22.459   5.993
