Cpptraj Generated trajectory                                                    
  -5.378  46.515  20.205  -5.633  47.475  20.387  -4.461  46.361  20.598  -6.035
  45.920  20.690  -5.384  46.249  18.740  -4.668  46.931  18.276  -4.962  44.802
  18.373  -5.565  44.096  18.949  -5.178  44.623  17.316  -3.474  44.470  18.614
  -3.190  44.755  19.628  -3.348  43.389  18.524  -2.527  45.141  17.605  -2.755
  44.764  16.606  -2.683  46.222  17.619  -1.117  44.856  17.919  -0.927  44.244
  18.698  -0.053  45.340  17.306  -0.126  46.125  16.272  -1.031  46.372  15.878
   0.729  46.445  15.823   1.130  45.032  17.742   1.234  44.433  18.545   1.955
  45.430  17.298  -6.736  46.637  18.128  -6.842  47.733  17.576  -7.771  45.791
  18.228  -7.647  44.910  18.709  -9.128  46.062  17.713  -9.331  47.132  17.794
  -9.211  45.673  16.222 -10.153  46.041  15.813  -8.404  46.169  15.682  -9.137
  44.158  15.969  -8.231  43.758  16.425  -9.993  43.682  16.448  -9.156  43.680
  14.220  -7.476  44.166  13.731  -6.747  43.641  14.348  -7.308  43.904  12.686
  -7.346  45.241  13.850 -10.206  45.325  18.529  -9.902  44.363  19.240 -11.468
  45.747  18.396 -11.647  46.527  17.780 -12.632  45.034  18.944 -12.320  44.554
  19.868 -13.759  46.031  19.282 -14.063  46.531  18.361 -14.620  45.470  19.649
 -13.399  47.105  20.329 -12.549  47.689  19.978 -14.585  48.053  20.514 -15.451
  47.504  20.884 -14.322  48.835  21.227 -14.834  48.521  19.562 -13.057  46.502
  21.693 -12.146  45.910  21.623 -12.888  47.300  22.415 -13.876  45.871  22.041
 -13.131  43.935  17.973 -12.963  44.088  16.757 -13.766  42.847  18.461 -13.872
  42.449  19.861 -14.767  42.893  20.300 -12.991  42.720  20.442 -14.001  40.928
  19.840 -14.527  40.553  20.718 -13.011  40.476  19.760 -14.787  40.682  18.557
 -15.851  40.813  18.761 -14.591  39.689  18.152 -14.303  41.783  17.607 -13.484
  41.386  17.008 -15.425  42.227  16.652 -16.097  43.241  16.869 -15.649  41.423
  15.608 -15.049  40.603  15.534 -16.637  41.598  14.531 -17.263  42.466  14.746
 -15.854  41.858  13.230 -15.257  42.761  13.370 -15.170  41.024  13.059 -16.730
  42.041  11.980 -17.176  41.085  11.699 -17.530  42.748  12.205 -15.920  42.593
  10.795 -16.596  42.757   9.954 -15.515  43.568  11.076 -14.803  41.709  10.397
 -13.939  41.791  10.912 -14.766  40.863   9.383 -15.777  40.649   8.595 -16.647
  41.125   8.755 -15.665  40.008   7.821 -13.679  40.203   9.126 -12.853  40.353
   9.704 -13.651  39.579   8.338 -17.548  40.368  14.444 -17.075  39.246  14.614
 -18.847  40.569  14.204 -19.160  41.514  14.046 -19.858  39.501  14.182 -19.425
  38.607  14.633 -21.058  39.926  15.055 -20.699  40.181  16.053 -21.490  40.828
  14.619 -22.177  38.873  15.188 -22.538  38.593  14.199 -21.713  37.613  15.922
 -21.326  37.872  16.908 -22.550  36.925  16.035 -20.937  37.109  15.351 -23.348
  39.465  15.971 -23.725  40.349  15.456 -24.154  38.734  16.040 -23.027  39.744
  16.976 -20.273  39.123  12.752 -20.587  39.995  11.937 -20.324  37.820  12.477
 -20.015  37.172  13.195 -20.693  37.222  11.193 -21.077  37.994  10.524 -19.431
  36.610  10.561 -19.022  35.855  11.236 -19.688  36.130   9.616 -18.173  37.889
  10.258 -17.240  37.079   9.745 -21.793  36.160  11.373 -21.828  35.458  12.386
 -22.665  35.999  10.373 -22.598  36.610   9.571 -23.694  34.953  10.327 -23.454
  34.178  11.055 -25.047  35.562  10.719 -24.959  36.054  11.689 -25.342  36.305
   9.975 -26.311  34.259  10.814 -27.353  35.056  11.042 -23.723  34.291   8.939
 -23.752  34.984   7.917 -23.671  32.957   8.904 -23.693  32.461   9.791 -23.548
  32.136   7.695 -23.575  32.768   6.806 -22.221  31.347   7.711 -22.206  30.716
   8.599 -22.252  30.686   6.846 -20.883  32.109   7.633 -20.889  32.768   6.767
 -20.521  32.916   8.883 -20.647  32.303   9.777 -19.493  33.262   8.817 -21.149
  33.797   8.951 -19.775  31.069   7.446 -19.920  30.541   6.504 -18.803  31.556
   7.422 -19.790  30.359   8.272 -24.713  31.139   7.622 -25.027  30.497   8.621
 -25.297  30.930   6.440 -24.995  31.482   5.650 -26.324  29.904   6.187 -26.513
  29.358   7.110 -27.652  30.572   5.800 -27.914  31.290   6.580 -27.525  31.109
   4.858 -28.798  29.556   5.665 -28.601  28.905   4.811 -28.817  28.936   6.564
 -30.174  30.220   5.479 -30.269  31.333   4.909 -31.197  29.617   5.882 -25.841
  28.875   5.149 -25.202  29.233   4.158 -26.114  27.587   5.388 -26.673  27.368
   6.207 -25.534  26.452   4.653 -24.448  26.561   4.665 -25.895  25.159   5.408
 -25.598  25.269   6.451 -26.977  25.015   5.378 -25.203  23.910   4.843 -25.534
  23.746   3.818 -24.123  24.063   4.852 -25.549  22.670   5.681 -25.196  22.815
   6.705 -26.634  22.540   5.696 -24.895  21.416   5.084 -25.228  21.304   4.047
 -23.809  21.551   5.076 -25.242  20.195   5.854 -26.238  20.035   5.861 -24.808
  19.379   5.451 -24.931  20.261   6.812 -25.985  26.416   3.185 -27.185  26.398
   2.902 -25.022  26.366   2.264 -24.062  26.356   2.588 -25.236  26.127   0.832
 -26.249  26.416   0.546 -24.540  26.746   0.266 -25.017  24.656   0.436 -24.668
  23.831   1.287 -25.158  24.304  -0.857 -25.507  25.193  -1.958 -24.927  26.116
  -1.936 -26.575  25.418  -1.918 -25.193  24.409  -3.231 -24.143  24.541  -3.496
 -25.839  24.707  -4.058 -25.443  22.962  -2.807 -24.891  22.258  -3.431 -26.512
  22.751  -2.858 -24.989  22.927  -1.341 -25.653  22.263  -0.785 -23.554  22.385
  -1.194 -23.358  21.168  -1.194 -22.558  23.266  -1.022 -22.798  24.245  -1.059
 -21.152  22.922  -0.762 -21.010  21.861  -0.981 -20.251  23.712  -1.736 -20.349
  24.778  -1.530 -19.209  23.436  -1.574 -20.562  23.446  -3.202 -20.740  22.317
  -3.637 -20.634  24.471  -4.020 -20.828  24.292  -4.994 -20.466  25.408  -3.685
 -20.734  23.092   0.721 -19.539  23.040   1.026 -21.686  23.303   1.642 -22.650
  23.330   1.333 -21.439  23.596   3.063 -22.201  23.109   3.670 -20.473  23.188
   3.360 -21.458  25.097   3.383 -22.201  25.861   2.762 -20.650  25.530   4.354
 -20.068  24.846   4.834 -20.425  26.953   4.666 -21.295  27.527   4.348 -20.286
  27.138   6.181 -19.443  26.543   6.534 -20.049  28.184   6.371 -21.524  26.795
   6.990 -22.641  27.651   6.948 -22.625  28.529   6.319 -23.780  27.363   7.721
 -24.628  28.027   7.710 -23.816  26.205   8.524 -24.944  25.906   9.217 -25.716
  26.318   8.802 -22.699  25.347   8.568 -22.733  24.459   9.184 -21.554  25.644
   7.802 -20.701  24.980   7.832 -19.217  27.554   3.921 -19.125  28.776   3.789
 -18.317  26.710   3.407 -18.379  25.735   3.692 -17.229  27.084   2.498 -16.868
  26.178   2.013 -17.611  27.740   1.723 -16.026  27.749   3.169 -15.343  28.559
   2.542 -15.755  27.407   4.431 -16.342  26.711   4.870 -14.541  27.810   5.145
 -13.837  28.218   4.419 -14.837  28.928   6.154 -13.885  29.344   6.488 -15.355
  29.728   5.635 -15.640  28.533   7.382 -14.983  28.266   8.600 -13.904  28.313
   8.657 -15.729  27.948   9.749 -15.228  27.741  10.682 -17.131  27.901   9.688
 -17.706  27.669  10.571 -17.789  28.158   8.476 -18.867  28.117   8.438 -17.046
  28.470   7.323 -17.556  28.665   6.392 -13.836  26.623   5.806 -14.417  25.560
   6.034 -12.561  26.832   6.121 -12.163  27.736   5.882 -11.684  25.888   6.805
 -12.254  25.009   7.095 -10.535  25.454   5.881  -9.958  26.339   5.624  -9.886
  24.781   6.443 -10.904  24.770   4.585 -10.397  23.536   4.165 -10.879  23.340
   2.925 -10.683  22.465   2.315 -11.632  24.384   2.545 -12.124  24.468   1.651
 -11.640  25.306   3.566 -12.106  26.281   3.550 -11.120  26.537   8.071 -10.821
  27.731   8.062 -10.915  25.757   9.131 -11.121  24.768   9.032 -10.240  26.186
  10.364  -9.946  27.229  10.265 -11.174  26.066  11.583 -11.421  25.013  11.722
 -10.617  26.388  12.464 -12.484  26.872  11.531 -13.095  26.534  10.696 -13.249
  26.646  12.832 -12.647  26.983  13.675 -14.184  27.201  12.814 -13.471  25.587
  12.953 -12.267  28.371  11.382 -11.863  28.570  10.393 -13.214  28.900  11.475
 -11.576  28.729  12.144  -8.956  25.384  10.607  -8.854  24.231  10.178  -8.006
  25.975  11.335  -8.156  26.939  11.625  -6.769  25.327  11.786  -6.959  24.258
  11.852  -5.646  25.537  10.753  -4.823  24.869  11.008  -6.009  25.233   9.773
  -5.098  26.946  10.649  -5.815  28.081  10.262  -4.938  29.097  10.251  -5.181
  30.122   9.993  -3.716  28.659  10.595  -2.883  29.236  10.654  -3.795  27.305
  10.840  -2.984  26.645  11.123  -6.324  25.785  13.186  -6.682  26.871  13.658
  -5.513  24.946  13.837  -5.319  24.053  13.397  -4.739  25.304  15.034  -5.336
  25.953  15.675  -4.504  24.401  15.598  -3.423  26.022  14.698  -2.909  25.908
  13.584  -2.848  26.741  15.666  -3.288  26.763  16.575  -1.582  27.481  15.513
  -1.073  27.118  14.618  -1.883  28.976  15.284  -2.529  29.061  14.408  -2.422
  29.375  16.143  -0.613  29.812  15.050  -0.041  29.867  15.977   0.007  29.305
  14.307  -0.918  31.231  14.544  -1.493  31.381  13.442  -0.526  32.213  15.213
  -0.624  27.230  16.696  -1.058  27.075  17.843   0.689  27.184  16.414   0.969
  27.362  15.459   1.748  26.783  17.359   1.579  25.737  17.624   3.111  26.877
  16.646   3.065  26.296  15.722   3.312  27.918  16.384   4.272  26.339  17.500
   4.359  26.928  18.414   4.071  25.300  17.767   5.600  26.416  16.733   5.528
  25.816  15.824   5.798  27.454  16.459   6.749  25.890  17.604   6.797  26.483
  18.522   6.534  24.855  17.884   8.050  25.958  16.895   8.281  26.907  16.642
   8.796  25.610  17.478   8.040  25.405  16.053   1.722  27.608  18.655   1.906
  28.826  18.636   1.509  26.930  19.785   1.360  25.935  19.711   1.501  27.519
  21.131   1.533  26.710  21.861   2.402  28.120  21.259   0.291  28.405  21.474
   0.296  29.033  22.536  -0.736  28.484  20.613  -0.698  27.918  19.771  -1.935
  29.321  20.822  -1.674  30.140  21.496  -2.403  29.936  19.486  -2.819  29.141
  18.864  -3.207  30.644  19.692  -1.317  30.657  18.664  -0.584  29.924  18.330
  -1.792  31.076  17.776  -0.589  31.789  19.405  -1.314  32.543  19.719  -0.081
  31.390  20.285   0.451  32.424  18.471   1.169  31.654  18.169  -0.054  32.779
  17.566   1.166  33.550  19.122   1.660  33.246  19.947   1.846  33.954  18.495
   0.531  34.285  19.390  -3.070  28.540  21.500  -3.190  27.327  21.311  -3.920
  29.238  22.263  -3.736  30.221  22.396  -5.091  28.647  22.939  -4.904  27.584
  23.102  -5.289  29.299  24.323  -5.529  30.354  24.180  -6.150  28.828  24.798
  -4.096  29.194  25.295  -3.231  29.700  24.867  -4.450  29.883  26.614  -5.290
  29.375  27.089  -3.590  29.856  27.283  -4.713  30.924  26.426  -3.718  27.745
  25.607  -3.354  27.251  24.706  -2.920  27.725  26.350  -4.583  27.205  25.993
  -6.385  28.718  22.100  -7.241  27.843  22.234  -6.518  29.730  21.232  -5.771
  30.403  21.186  -7.649  29.913  20.309  -8.553  29.487  20.749  -7.826  30.979
  20.166  -7.436  29.274  18.928  -6.331  28.834  18.597  -8.497  29.246  18.114
  -9.348  29.687  18.433  -8.516  28.652  16.766  -7.557  28.165  16.583  -9.605
  27.563  16.671 -10.582  28.048  16.627  -9.467  27.017  15.737  -9.634  26.547
  17.835  -9.976  27.056  18.737 -10.367  25.774  17.608  -8.299  25.862  18.134
  -7.469  25.616  17.269  -8.044  25.508  19.374  -7.140  25.116  19.575  -8.711
  25.713  20.116  -8.679  29.724  15.669  -9.250  30.793  15.910  -8.183  29.440
  14.460  -7.767  28.527  14.304  -8.058  30.406  13.358  -8.587  31.323  13.616
  -6.574  30.761  13.164  -6.017  29.846  12.958  -6.478  31.403  12.287  -5.931
  31.470  14.343  -5.421  30.728  15.428  -5.479  29.648  15.416  -4.854  31.387
  16.535  -4.490  30.811  17.372  -4.768  32.797  16.546  -4.236  33.452  17.612
  -3.940  32.847  18.299  -5.249  33.537  15.445  -5.162  34.613  15.452  -5.842
  32.875  14.353  -6.230  33.447  13.520  -8.669  29.887  12.046  -8.874  28.684
  11.882  -8.958  30.793  11.106  -8.794  31.771  11.332  -9.447  30.472   9.755
 -10.045  29.567   9.822 -10.371  31.585   9.198  -9.789  32.502   9.097 -10.897
  31.190   7.803 -11.524  30.300   7.871 -11.481  32.008   7.385 -10.078  31.002
   7.112 -11.537  31.858  10.180 -11.956  30.910  10.503 -11.137  32.364  11.059
 -12.696  32.704   9.642 -13.259  32.134   8.904 -13.364  32.962  10.464 -12.321
  33.618   9.184  -8.271  30.167   8.818  -7.369  30.991   8.648  -8.313  29.003
   8.163  -9.119  28.412   8.339  -7.274  28.504   7.246  -6.307  28.893   7.568
  -7.237  26.969   7.339  -7.301  26.664   8.383  -8.103  26.561   6.826  -5.955
  26.375   6.737  -5.760  26.808   5.756  -5.118  26.623   7.391  -6.039  24.848
   6.598  -5.035  24.462   6.416  -6.390  24.423   7.541  -6.933  24.423   5.499
  -7.837  24.052   5.745  -6.638  24.380   4.209  -5.479  24.736   3.735  -4.754
  25.036   4.362  -5.297  24.669   2.748  -7.519  23.970   3.349  -8.445  23.696
   3.655  -7.273  23.908   2.377  -7.488  28.964   5.803  -6.530  29.334   5.125
  -8.740  28.920   5.341  -9.464  28.642   5.989  -9.156  29.208   3.965  -8.581
  30.057   3.593  -8.850  27.969   3.090  -7.779  27.763   3.136  -9.365  27.113
   3.522  -9.261  28.057   1.606 -10.333  28.237   1.531  -8.510  29.162   0.860
  -7.434  28.994   0.927  -8.806  29.160  -0.189  -8.745  30.139   1.277  -8.956
  26.733   0.907  -9.488  25.924   1.405  -9.287  26.780  -0.131  -7.885  26.530
   0.936 -10.649  29.573   3.924 -11.439  29.032   4.698 -11.037  30.446   2.993
 -10.329  30.846   2.394 -12.434  30.745   2.635 -13.092  30.001   3.085 -12.860
  32.129   3.162 -12.136  32.878   2.839 -14.240  32.541   2.644 -14.961  31.751
   2.840 -14.564  33.460   3.132 -14.195  32.723   1.572 -12.909  32.127   4.694
 -11.921  31.908   5.093 -13.217  33.104   5.056 -13.613  31.375   5.045 -12.586
  30.634   1.117 -11.765  31.167   0.367 -13.606  29.911   0.659 -14.262  29.519
   1.331 -13.757  29.506  -0.746 -12.758  29.440  -1.171 -14.364  28.093  -0.815
 -15.338  28.099  -0.324 -14.505  27.825  -1.864 -13.455  27.036  -0.153 -12.485
  27.052  -0.655 -13.292  27.302   0.894 -14.019  25.604  -0.202 -15.125  25.363
  -0.737 -13.358  24.676   0.322 -14.570  30.523  -1.583 -15.468  31.178  -1.038
 -14.311  30.662  -2.903 -13.225  30.046  -3.658 -13.532  29.056  -3.998 -12.302
  29.979  -3.083 -12.991  30.959  -4.860 -12.576  30.414  -5.708 -12.338  31.784
  -4.574 -14.392  31.488  -5.153 -14.935  30.751  -5.746 -14.360  32.446  -5.674
 -15.017  31.622  -3.759 -14.809  32.623  -3.382 -16.537  31.403  -3.802 -17.013
  30.283  -4.011 -17.308  32.477  -3.616 -16.848  33.361  -3.409 -18.777  32.466
  -3.629 -19.128  33.497  -3.653 -19.122  31.967  -4.535 -19.435  31.776  -2.424
 -20.652  31.565  -2.431 -18.658  31.407  -1.401 -17.671  31.622  -1.448 -19.147
  30.711  -0.205 -19.741  29.861  -0.539 -17.975  30.168   0.617 -18.370  29.670
   1.500 -17.412  29.446   0.025 -17.116  31.205   1.041 -16.425  31.295   0.352
 -20.012  31.596   0.705 -19.846  32.820   0.724 -20.876  30.995   1.548 -21.378
  29.631   1.446 -20.621  28.925   1.786 -21.679  29.392   0.425 -22.595  29.576
   2.366 -22.751  28.578   2.774 -23.479  29.912   1.822 -22.243  30.590   3.452
 -21.576  30.124   4.180 -23.131  30.984   3.947 -21.506  31.684   2.674 -22.231
  32.400   2.287 -20.506  32.422   3.575 -20.803  33.516   4.046 -19.306  31.870
   3.777 -19.132  30.940   3.415 -18.233  32.520   4.526 -18.625  32.843   5.491
 -17.151  31.471   4.773 -16.840  31.020   3.830 -16.290  31.932   5.256 -17.550
  30.690   5.415 -17.670  33.777   3.837 -17.465  34.792   4.503 -17.471  33.756
   2.515 -17.620  32.886   2.010 -17.048  34.942   1.756 -16.177  35.375   2.252
 -16.633  34.540   0.328 -15.888  33.747   0.387 -17.499  34.161  -0.216 -16.024
  35.729  -0.431 -16.798  36.478  -0.610 -15.253  36.186   0.194 -15.409  35.315
  -1.775 -16.154  34.897  -2.691 -14.176  35.449  -1.950 -18.148  36.015   1.740
 -17.872  37.202   1.935 -19.410  35.592   1.593 -19.544  34.598   1.416 -20.608
  36.449   1.653 -20.475  37.295   0.977 -21.819  35.628   1.178 -21.836  34.674
   1.708 -22.741  36.164   1.409 -21.762  35.386  -0.342 -22.036  36.310  -0.853
 -20.748  35.118  -0.640 -22.699  34.254  -0.785 -22.345  33.317  -0.349 -23.714
  34.451  -0.434 -22.693  34.157  -2.317 -23.277  34.990  -2.722 -21.665  34.266
  -2.677 -23.243  32.865  -2.797 -24.145  32.670  -2.389 -23.357  32.874  -3.799
 -22.608  32.106  -2.576 -20.835  37.054   3.046 -21.334  38.176   3.147 -20.410
  36.364   4.107 -20.121  35.406   3.955 -20.370  36.873   5.480 -21.245  37.505
   5.639 -20.481  35.679   6.436 -19.614  35.028   6.325 -20.534  36.035   7.463
 -21.388  35.115   6.216 -19.129  37.743   5.793 -19.076  38.367   6.854 -18.144
  37.817   4.888 -18.237  37.281   4.034 -16.948  38.657   5.031 -16.555  38.857
   4.034 -17.225  39.613   5.477 -15.810  38.045   5.860 -15.054  38.789   6.493
 -15.685  36.714   5.890 -16.349  36.161   5.356 -14.542  36.005   6.484 -14.177
  36.570   7.342 -14.984  34.615   6.980 -15.336  34.042   6.122 -14.111  34.101
   7.382 -16.087  34.615   8.054 -16.990  35.079   7.659 -16.415  33.172   8.435
 -15.541  32.683   8.861 -17.216  33.164   9.169 -16.735  32.624   7.552 -15.663
  35.347   9.328 -15.537  36.408   9.120 -16.425  35.230  10.098 -14.721  34.943
   9.695 -13.367  35.885   5.495 -13.577  35.787   4.284 -12.135  35.844   6.015
 -12.037  35.952   7.022 -10.889  35.628   5.260 -11.121  35.140   4.313 -10.203
  36.985   4.971 -10.062  37.498   5.923  -9.212  36.800   4.555 -10.947  37.934
   4.011 -11.963  38.105   4.365 -10.228  39.284   3.967  -9.207  39.156   3.607
 -10.762  39.964   3.304 -10.205  39.719   4.966 -10.992  37.387   2.581 -11.561
  36.460   2.553 -11.486  38.108   1.929  -9.982  37.205   2.215  -9.926  34.693
   6.022 -10.068  34.470   7.226  -8.915  34.159   5.328  -8.822  34.391   4.351
  -7.839  33.388   5.955  -8.288  32.575   6.528  -6.967  32.765   4.857  -6.495
  33.550   4.264  -6.190  32.150   5.312  -7.577  32.139   4.206  -7.004  34.249
   6.928  -6.741  35.427   6.672  -6.569  33.651   8.040  -6.810  32.674   8.180
  -5.802  34.304   9.108  -5.185  33.551   9.599  -5.136  35.049   8.671  -6.643
  34.997  10.192  -6.078  35.464  11.182  -7.973  35.048  10.052  -8.386  34.649
   9.222  -8.879  35.551  11.099  -8.517  36.524  11.432 -10.309  35.745  10.554
 -10.662  34.777  10.202 -10.950  36.041  11.388 -10.483  36.786   9.427  -9.565
  37.598   9.167 -11.581  36.830   8.823  -8.896  34.621  12.329  -8.782  33.400
  12.202  -9.065  35.197  13.524  -9.191  36.206  13.534  -9.146  34.500  14.820
  -8.701  33.506  14.735  -8.341  35.321  15.843  -7.326  35.444  15.466  -8.784
  36.314  15.921  -8.277  34.698  17.247  -9.281  34.643  17.669  -7.860  33.692
  17.182  -7.395  35.560  18.165  -6.379  35.568  17.766  -7.760  36.589  18.157
  -7.360  35.041  19.548  -6.671  34.335  19.754  -8.108  35.420  20.572  -9.024
  36.339  20.497  -9.164  36.847  19.646  -9.550  36.551  21.339  -7.952  34.883
  21.742  -7.235  34.197  21.905  -8.544  35.215  22.494 -10.604  34.340  15.247
 -11.351  35.315  15.186 -11.011  33.161  15.721 -10.343  32.399  15.771 -12.347
  32.948  16.300 -13.054  33.615  15.803 -12.836  31.504  16.067 -12.002  30.808
  16.166 -13.555  31.265  16.852 -13.553  31.280  14.722 -14.393  31.970  14.650
 -12.648  31.483  13.508 -11.764  30.851  13.587 -13.196  31.233  12.601 -12.343
  32.526  13.441 -14.103  29.854  14.667 -14.786  29.688  15.500 -14.649  29.704
  13.735 -13.284  29.138  14.724 -12.371  33.320  17.791 -11.451  32.995  18.545
 -13.456  33.977  18.206 -14.142  34.226  17.500 -13.710  34.460  19.575 -12.861
  34.208  20.208 -13.873  35.997  19.592 -14.776  36.265  19.044 -14.002  36.545
  21.017 -13.098  36.323  21.581 -14.146  37.625  20.989 -14.854  36.099  21.527
 -12.689  36.715  18.931 -12.649  36.479  17.867 -12.808  37.792  19.038 -11.757
  36.405  19.404 -14.941  33.778  20.177 -14.879  33.289  21.304 -16.040  33.675
  19.421 -16.013  34.043  18.477 -17.266  32.974  19.837 -17.003  32.266  20.619
 -18.334  33.937  20.400 -18.741  34.529  19.581 -19.150  33.335  20.801 -17.849
  34.886  21.508 -17.348  34.302  22.278 -17.120  35.578  21.088 -18.982  35.694
  22.164 -20.057  35.899  21.554 -18.798  36.165  23.310 -17.898  32.173  18.689
 -17.797  32.560  17.522 -18.620  31.103  19.035 -18.654  30.863  20.024 -19.498
  30.335  18.135 -19.556  30.840  17.170 -18.963  28.909  17.891 -18.921  28.377
  18.843 -19.882  28.128  16.942 -19.979  28.654  15.992 -19.468  27.138  16.763
 -20.869  27.999  17.385 -17.551  28.906  17.288 -16.855  29.408  17.957 -17.213
  27.880  17.143 -17.550  29.423  16.331 -20.903  30.294  18.740 -21.068  29.896
  19.892 -21.919  30.730  17.988 -21.705  31.017  17.036 -23.322  30.842  18.426
 -23.820  31.474  17.691 -24.012  29.464  18.346 -23.503  28.771  19.016 -25.046
  29.550  18.678 -24.041  28.886  16.939 -24.221  29.584  15.950 -23.874  27.591
  16.802 -23.918  27.197  15.879 -23.737  27.004  17.609 -23.536  31.595  19.766
 -24.532  31.378  20.461 -22.617  32.501  20.125 -21.847  32.657  19.493 -22.625
  33.267  21.380 -22.184  34.245  21.189 -23.654  33.427  21.704 -21.859  32.635
  22.554 -21.820  33.225  23.634 -21.235  31.466  22.374 -21.302  31.013  21.468
 -20.364  30.819  23.369 -20.560  31.240  24.356 -20.651  29.307  23.433 -20.410
  28.861  22.466 -19.987  28.855  24.172 -22.106  28.939  23.781 -22.763  29.301
  22.986 -22.187  27.851  23.791 -22.592  29.479  25.138 -21.775  29.688  26.065
 -23.821  29.660  25.314 -18.883  31.075  23.048 -18.456  30.893  21.906 -18.086
  31.494  24.037 -18.476  31.595  24.962 -16.675  31.851  23.844 -16.608  32.453
  22.940 -16.214  32.731  25.022 -16.906  33.566  25.135 -16.236  32.149  25.943
 -14.805  33.280  24.843 -13.825  32.548  24.858 -14.655  34.575  24.688 -13.715
  34.944  24.550 -15.456  35.183  24.670 -15.782  30.616  23.612 -15.899  29.611
  24.319 -14.872  30.712  22.635 -14.829  31.589  22.123 -13.982  29.621  22.191
 -14.130  28.775  22.860 -14.357  29.115  20.780 -13.706  28.274  20.551 -15.799
  28.597  20.723 -16.507  29.418  20.830 -15.974  28.099  19.771 -15.962  27.881
  21.526 -14.175  30.162  19.674 -13.158  30.553  19.687 -14.355  29.698  18.704
 -14.879  30.979  19.811 -12.484  29.949  22.294 -11.652  29.168  21.836 -12.103
  31.065  22.926 -12.821  31.648  23.348 -10.711  31.561  22.966 -10.351  31.653
  21.940 -10.675  32.957  23.608 -11.098  32.906  24.612  -9.634  33.271  23.699
 -11.418  34.017  22.787 -11.022  34.023  21.769 -12.480  33.772  22.735 -11.229
  35.399  23.422 -12.063  35.802  24.266 -10.231  36.084  23.091  -9.710  30.642
  23.697  -8.498  30.820  23.550 -10.201  29.661  24.468 -11.206  29.627  24.563
  -9.406  28.609  25.132  -8.405  28.622  24.704  -9.274  28.909  26.641 -10.265
  28.915  27.097  -8.688  28.115  27.107  -8.570  30.247  26.934  -7.609  30.266
  26.418  -9.184  31.071  26.568  -8.338  30.433  28.440  -9.300  30.412  28.956
  -7.716  29.617  28.813  -7.641  31.774  28.708  -6.686  31.791  28.173  -8.263
  32.581  28.308  -7.409  31.992  30.157  -6.824  31.271  30.550  -6.951  32.877
  30.320  -8.277  32.003  30.670  -9.925  27.185  24.859  -9.557  26.248  25.570
 -10.792  27.006  23.860 -10.972  27.788  23.243 -11.352  25.698  23.476 -11.279
  25.019  24.327 -12.848  25.825  23.141 -12.995  26.576  22.364 -13.186  24.864
  22.757 -13.682  26.184  24.387 -13.279  25.641  25.245 -13.574  27.251  24.594
 -15.176  25.828  24.255 -15.704  25.684  23.132 -15.865  25.686  25.292 -10.564
  25.029  22.337  -9.913  25.698  21.527 -10.602  23.695  22.279 -11.210  23.198
  22.924  -9.832  22.897  21.308  -8.830  23.319  21.249  -9.672  21.427  21.745
  -8.923  20.964  21.103  -9.209  21.268  23.193  -9.981  21.606  23.883  -8.987
  20.219  23.393  -8.302  21.852  23.353 -10.877  20.710  21.592 -10.716  19.824
  21.942 -10.432  22.953  19.900 -11.602  23.293  19.711  -9.652  22.554  18.890
  -8.688  22.320  19.081 -10.134  22.445  17.507 -10.450  23.428  17.156  -8.984
  21.963  16.615  -8.158  22.672  16.689  -8.627  20.996  16.973  -9.359  21.831
  15.162  -9.532  22.890  14.267  -9.797  22.323  13.079  -9.958  22.872  12.159
  -9.807  20.982  13.189  -9.912  20.324  12.422  -9.547  20.655  14.499  -9.475
  19.662  14.922 -11.359  21.526  17.397 -12.341  21.896  16.762 -11.362  20.379
  18.085 -10.547  20.147  18.632 -12.505  19.453  18.100 -12.818  19.286  17.070
 -12.067  18.100  18.686 -11.553  18.269  19.634 -12.948  17.491  18.894 -11.135
  17.316  17.739 -10.279  17.937  17.473 -10.754  16.443  18.270 -11.822  16.825
  16.461 -13.023  16.595  16.400 -11.095  16.626  15.385 -11.552  16.289  14.552
 -10.091  16.827  15.391 -13.740  20.013  18.836 -14.868  19.691  18.458 -13.555
  20.888  19.833 -12.608  21.123  20.105 -14.653  21.605  20.497 -15.461  20.902
  20.706 -14.163  22.178  21.838 -13.233  22.718  21.666 -14.903  22.881  22.221
 -13.942  21.083  22.898 -14.913  20.690  23.199 -13.375  20.259  22.466 -13.192
  21.560  24.145 -12.582  22.620  24.204 -13.200  20.783  25.207 -12.705  21.095
  26.030 -13.688  19.899  25.193 -15.246  22.705  19.598 -16.466  22.854  19.525
 -14.410  23.436  18.850 -13.410  23.307  18.979 -14.877  24.409  17.844 -15.628
  25.048  18.307 -13.720  25.316  17.378 -12.884  24.704  17.041 -14.131  26.254
  16.237 -15.002  26.842  16.528 -13.308  26.926  15.999 -14.368  25.675  15.347
 -13.258  26.204  18.539 -12.843  25.594  19.341 -12.492  26.900  18.202 -14.107
  26.766  18.920 -15.578  23.706  16.675 -16.651  24.143  16.257 -15.037  22.575
  16.205 -14.131  22.293  16.567 -15.682  21.713  15.202 -15.814  22.296  14.295
 -14.810  20.483  14.858 -14.451  20.045  15.785 -15.561  19.391  14.080 -16.002
  19.808  13.174 -14.871  18.591  13.809 -16.346  18.954  14.697 -13.601  20.868
  13.995 -13.116  21.761  14.385 -12.878  20.052  14.002 -13.913  21.054  12.969
 -17.077  21.294  15.660 -18.030  21.510  14.914 -17.239  20.753  16.874 -16.431
  20.608  17.471 -18.547  20.260  17.329 -18.949  19.626  16.538 -18.408  19.368
  18.569 -19.365  18.879  18.758 -17.661  18.596  18.372 -18.035  20.103  19.720
 -17.962  19.479  20.457 -19.570  21.384  17.548 -20.736  21.206  17.184 -19.157
  22.568  18.036 -18.195  22.639  18.359 -20.048  23.743  18.147 -20.944  23.450
  18.697 -19.367  24.894  18.910 -18.376  25.081  18.492 -19.970  25.793  18.773
 -19.256  24.641  20.421 -20.227  24.335  20.813 -18.539  23.845  20.609 -18.806
  25.927  21.133 -17.935  26.326  20.610 -19.600  26.676  21.076 -18.427  25.697
  22.538 -17.429  25.698  22.739 -19.205  25.513  23.589 -20.503  25.450  23.507
 -20.952  25.524  22.613 -21.047  25.280  24.336 -18.684  25.382  24.772 -17.675
  25.456  24.896 -19.277  25.242  25.573 -20.549  24.243  16.788 -21.699  24.672
  16.698 -19.727  24.170  15.736 -18.778  23.846  15.896 -20.116  24.590  14.377
 -20.776  25.456  14.460 -18.878  25.044  13.567 -18.161  24.222  13.557 -19.259
  25.385  12.113 -19.962  26.215  12.088 -18.371  25.655  11.546 -19.712  24.528
  11.616 -18.209  26.274  14.228 -18.865  27.140  14.136 -18.061  26.083  15.288
 -16.831  26.625  13.657 -16.918  26.988  12.636 -16.381  27.410  14.265 -16.189
  25.744  13.677 -20.931  23.493  13.669 -21.992  23.779  13.115 -20.491  22.226
  13.724 -19.621  22.052  14.221 -21.166  21.072  13.087 -21.370  21.318  12.044
 -20.252  19.830  13.137 -19.936  19.669  14.170 -20.826  18.953  12.836 -18.998
  19.901  12.244 -18.426  20.797  12.476 -18.377  19.035  12.475 -19.319  19.892
  10.741 -20.011  19.075  10.523 -19.817  20.826  10.475 -18.099  19.745   9.917
 -17.677  20.583   9.549 -17.509  18.616   9.560 -17.927  17.445   9.948 -18.739
  17.374  10.537 -17.446  16.614   9.646 -16.465  18.637   8.788 -16.116  19.518
   8.424 -16.027  17.774   8.515 -22.542  20.750  13.691 -23.350  20.099  13.027
 -22.842  21.232  14.899 -22.103  21.664  15.436 -24.175  21.156  15.504 -24.524
  20.124  15.438 -24.049  21.516  16.989 -23.666  22.532  17.099 -25.026  21.450
  17.468 -23.373  20.818  17.484 -25.240  22.034  14.803 -26.436  21.830  15.027
 -24.846  22.994  13.954 -23.856  23.130  13.788 -25.778  23.828  13.191 -26.578
  24.151  13.860 -25.041  25.085  12.711 -24.232  24.810  12.032 -25.735  25.734
  12.178 -24.630  25.626  13.563 -26.415  23.053  12.018 -25.710  22.426  11.221
 -27.748  23.121  11.891 -28.265  23.616  12.605 -28.509  22.438  10.827 -27.910
  21.614  10.437 -29.802  21.835  11.413 -30.424  22.647  11.792 -30.351  21.352
  10.603 -29.600  20.802  12.541 -29.085  21.270  13.380 -30.962  20.311  13.033
 -31.498  19.816  12.222 -30.826  19.610  13.856 -31.550  21.157  13.390 -28.796
  19.581  12.087 -27.777  19.877  11.839 -28.749  18.850  12.894 -29.266  19.125
  11.215 -28.812  23.336   9.612 -28.957  22.823   8.501 -28.878  24.660   9.802
 -28.744  24.996  10.744 -29.071  25.652   8.733 -28.877  25.181   7.766 -30.530
  26.151   8.723 -30.806  26.520   9.711 -30.617  26.982   8.022 -31.521  25.086
   8.279 -31.475  24.589   7.162 -32.461  24.712   9.116 -33.123  24.015   8.809
 -32.528  25.128  10.032 -28.063  26.807   8.839 -27.205  26.950   7.964 -28.102
  27.602   9.914 -28.802  27.432  10.621 -27.254  28.785  10.082 -26.558  28.824
   9.250 -28.129  30.042   9.994 -28.838  30.064  10.823 -27.500  30.933  10.040
 -28.676  30.049   9.050 -26.388  28.758  11.356 -26.775  28.183  12.377 -25.221
  29.407  11.288 -25.009  29.889  10.417 -24.225  29.525  12.367 -24.702  29.246
  13.307 -23.049  28.542  12.145 -23.468  27.539  12.066 -22.243  28.810  10.866
 -21.720  29.764  10.933 -21.513  28.014  10.719 -22.908  28.826  10.004 -22.063
  28.539  13.320 -22.595  28.336  14.248 -21.322  27.756  13.174 -21.550  29.497
  13.401 -23.752  30.975  12.509 -23.522  31.663  11.511 -23.586  31.438  13.752
 -23.780  30.799  14.521 -23.018  32.754  14.090 -22.975  33.371  13.192 -23.906
  33.476  15.116 -24.059  32.818  15.970 -23.391  34.374  15.463 -25.267  33.891
  14.531 -25.096  34.629  13.746 -25.764  33.028  14.086 -26.194  34.506  15.590
 -25.681  35.331  16.086 -27.064  34.923  15.078 -26.664  33.497  16.564 -27.328
  32.816  16.226 -26.324  33.368  17.835 -25.511  34.184  18.441 -25.187  35.005
  17.961 -25.360  34.092  19.431 -26.800  32.383  18.535 -27.466  31.748  18.124
 -26.508  32.253  19.491 -21.587  32.601  14.596 -21.303  31.695  15.380 -20.697
  33.490  14.165 -21.029  34.228  13.551 -19.272  33.493  14.506 -19.096  32.845
  15.365 -18.444  32.970  13.310 -18.607  33.644  12.468 -17.386  33.023  13.572
 -18.764  31.534  12.845 -19.830  31.440  12.635 -18.005  31.218  11.557 -16.930
  31.305  11.720 -18.240  30.207  11.228 -18.310  31.913  10.778 -18.368  30.488
  13.885 -18.943  30.643  14.795 -18.586  29.491  13.504 -17.305  30.568  14.110
 -18.836  34.913  14.887 -19.044  35.848  14.113 -18.209  35.077  16.054 -18.040
  34.250  16.620 -17.528  36.318  16.438 -17.887  37.129  15.806 -17.850  36.670
  17.902 -18.916  36.530  18.088 -17.301  35.978  18.537 -17.460  38.107  18.293
 -16.494  38.354  17.856 -18.501  39.119  17.820 -19.456  38.933  18.311 -18.169
  40.131  18.050 -18.633  39.031  16.747 -17.353  38.246  19.810 -16.548  37.615
  20.178 -17.134  39.278  20.080 -18.291  37.948  20.277 -16.025  36.148  16.186
 -15.444  35.154  16.625 -15.405  37.092  15.478 -15.951  37.889  15.162 -14.033
  36.977  14.955 -13.523  36.202  15.520 -14.034  36.546  13.469 -12.999  36.496
  13.129 -14.637  35.149  13.273 -15.702  35.158  13.501 -14.498  34.832  12.240
 -14.133  34.440  13.927 -14.776  37.529  12.553 -14.357  38.529  12.654 -14.672
  37.212  11.517 -15.836  37.559  12.807 -13.212  38.260  15.137 -13.760  39.338
  15.365 -11.887  38.147  15.020 -11.517  37.212  14.868 -10.915  39.259  15.017
 -11.451  40.202  14.909 -10.145  39.304  16.357  -9.868  38.289  16.640  -8.864
  40.147  16.327  -9.086  41.159  15.990  -8.425  40.191  17.325  -8.132  39.694
  15.660 -11.031  39.890  17.463 -11.969  39.342  17.519 -10.524  39.812  18.425
 -11.241  40.939  17.255  -9.984  39.132  13.803  -9.533  38.033  13.473  -9.690
  40.252  13.136 -10.045  41.128  13.489  -8.822  40.298  11.947  -9.032  39.411
  11.348  -9.135  41.532  11.072  -8.809  42.422  11.609  -8.529  41.473  10.167
 -10.599  41.745  10.645 -11.459  40.842  10.763 -10.903  42.850  10.141  -7.320
  40.285  12.331  -6.953  40.825  13.381  -6.422  39.714  11.500  -6.707  39.003
  10.261  -7.351  39.583   9.600  -7.171  38.047  10.496  -5.354  38.762   9.590
  -5.099  39.614   8.959  -5.348  37.839   9.009  -4.392  38.691  10.776  -3.370
  38.940  10.484  -4.426  37.693  11.214  -4.982  39.703  11.764  -4.798  39.348
  12.779  -4.342  41.094  11.609  -4.734  41.892  10.754  -3.310  41.367  12.409
  -3.030  40.665  13.081  -2.485  42.583  12.351  -2.449  42.938  11.319  -3.130
  43.687  13.216  -4.132  43.882  12.831  -3.222  43.333  14.245  -2.332  45.002
  13.218  -1.371  44.835  13.710  -2.135  45.297  12.184  -3.072  46.144  13.929
  -4.228  46.461  13.565  -2.488  46.756  14.854  -1.041  42.277  12.793  -0.819
  41.452  13.684  -0.055  42.947  12.188  -0.295  43.621  11.473   1.367  42.868
  12.565   1.428  42.636  13.629   2.082  41.726  11.814   1.562  40.793  12.033
   2.143  41.904  10.295   2.698  42.807  10.038   2.637  41.043   9.845   1.135
  41.974   9.888   3.416  41.608  12.265   3.712  40.719  12.027   2.074  44.213
  12.359   1.651  45.030  11.537   3.159  44.442  13.103   3.456  43.702  13.724
   4.031  45.622  12.979   3.449  46.447  12.563   4.511  46.058  14.376   5.164
  45.280  14.777   5.101  46.971  14.277   3.373  46.325  15.372   2.300  46.846
  14.989   3.536  46.019  16.575   5.218  45.397  12.016   5.973  46.327  11.728
   5.395  44.173  11.506   4.722  43.459  11.757   6.428  43.809  10.525   7.331
  44.379  10.748   6.766  42.316  10.699   7.049  42.154  11.741   5.876  41.721
  10.488   7.920  41.835   9.803   7.583  41.818   8.766   8.741  42.552   9.882
   8.432  40.433  10.182   7.634  39.560  10.599   9.652  40.174  10.047   6.004
  44.159   9.081   4.819  44.104   8.740   6.961  44.508   8.213   7.920  44.531
   8.528   6.696  44.805   6.798   5.825  45.463   6.757   7.889  45.576   6.198
   8.060  46.479   6.787   8.783  44.955   6.272   7.705  45.977   4.722   8.600
  46.503   4.389   7.610  45.083   4.106   6.505  46.897   4.496   6.379  47.960
   5.090   5.570  46.536   3.645   4.799  47.166   3.486   5.636  45.649   3.137
   6.361  43.532   5.996   7.055  42.516   6.106   5.325  43.611   5.150   4.827
  44.489   5.112   4.889  42.562   4.210   5.345  41.615   4.500   3.352  42.397
   4.301   2.883  43.323   3.966   3.050  41.610   3.608   2.787  42.049   5.692
   3.029  42.842   6.400   1.266  41.935   5.603   0.989  41.136   4.916   0.857
  41.721   6.590   0.848  42.877   5.249   3.334  40.723   6.220   4.407  40.810
   6.388   2.858  40.481   7.169   3.141  39.926   5.503   5.381  42.825   2.779
   5.658  41.845   2.056   5.489  44.007   2.385
  -5.419  46.533  20.360  -5.672  47.495  20.534  -4.510  46.375  20.767  -6.086
  45.944  20.836  -5.404  46.262  18.895  -4.678  46.940  18.439  -4.980  44.812
  18.541  -5.577  44.111  19.128  -5.200  44.621  17.487  -3.488  44.494  18.777
  -3.197  44.806  19.781  -3.356  43.412  18.714  -2.558  45.146  17.742  -2.790
  44.735  16.757  -2.727  46.224  17.724  -1.141  44.889  18.050  -0.934  44.311
  18.851  -0.092  45.361  17.403  -0.191  46.101  16.339  -1.104  46.316  15.945
   0.653  46.419  15.866   1.100  45.086  17.835   1.223  44.522  18.660   1.914
  45.473  17.361  -6.744  46.654  18.263  -6.845  47.757  17.724  -7.779  45.803
  18.332  -7.658  44.915  18.802  -9.127  46.077  17.799  -9.334  47.145  17.889
  -9.188  45.705  16.303 -10.135  46.055  15.891  -8.389  46.227  15.777  -9.074
  44.196  16.030  -8.143  43.821  16.456  -9.901  43.688  16.526  -9.129  43.734
  14.276  -7.486  44.289  13.734  -6.715  43.783  14.315  -7.349  44.051  12.680
  -7.391  45.367  13.867 -10.216  45.331  18.593  -9.924  44.348  19.280 -11.473
  45.769  18.470 -11.643  46.567  17.874 -12.643  45.053  18.997 -12.344  44.568
  19.924 -13.777  46.046  19.323 -14.067  46.551  18.400 -14.643  45.481  19.673
 -13.439  47.116  20.381 -12.588  47.708  20.045 -14.634  48.054  20.556 -15.500
  47.496  20.912 -14.387  48.834  21.277 -14.875  48.524  19.603 -13.111  46.506
  21.746 -12.194  45.921  21.684 -12.956  47.302  22.475 -13.930  45.869  22.079
 -13.127  43.959  18.013 -12.941  44.118  16.801 -13.770  42.870  18.487 -13.897
  42.464  19.882 -14.795  42.910  20.312 -13.022  42.727  20.477 -14.033  40.944
  19.849 -14.572  40.566  20.718 -13.044  40.487  19.779 -14.805  40.711  18.554
 -15.870  40.845  18.746 -14.608  39.720  18.145 -14.302  41.816  17.618 -13.478
  41.418  17.026 -15.410  42.276  16.654 -16.083  43.288  16.876 -15.621  41.487
  15.596 -15.026  40.665  15.522 -16.602  41.673  14.514 -17.224  42.544  14.728
 -15.811  41.932  13.217 -15.212  42.833  13.361 -15.129  41.096  13.048 -16.680
  42.119  11.962 -17.132  41.166  11.683 -17.475  42.833  12.181 -15.861  42.660
  10.779 -16.532  42.826   9.934 -15.449  43.632  11.057 -14.750  41.765  10.388
 -13.885  41.846  10.901 -14.719  40.907   9.383 -15.732  40.693   8.597 -16.597
  41.179   8.750 -15.627  40.042   7.830 -13.637  40.238   9.137 -12.813  40.390
   9.717 -13.610  39.602   8.358 -17.519  40.449  14.419 -17.056  39.324  14.600
 -18.812  40.653  14.156 -19.120  41.600  13.991 -19.822  39.585  14.107 -19.401
  38.692  14.569 -21.045  40.006  14.949 -20.713  40.251  15.959 -21.463  40.914
  14.510 -22.169  38.955  15.041 -22.510  38.693  14.040 -21.724  37.681  15.764
 -21.348  37.924  16.757 -22.568  36.998  15.856 -20.945  37.178  15.195 -23.355
  39.538  15.809 -23.716  40.433  15.302 -24.166  38.810  15.846 -23.056  39.797
  16.825 -20.198  39.208  12.666 -20.502  40.078  11.846 -20.228  37.905  12.388
 -19.925  37.259  13.111 -20.588  37.303  11.105 -20.944  38.075  10.420 -19.330
  36.656  10.500 -18.947  35.902  11.191 -19.582  36.170   9.557 -18.044  37.906
  10.202 -17.115  37.072   9.722 -21.717  36.269  11.283 -21.771  35.571  12.297
 -22.593  36.131  10.284 -22.512  36.738   9.481 -23.655  35.118  10.249 -23.442
  34.344  10.987 -24.988  35.776  10.633 -24.886  36.272  11.600 -25.255  36.522
   9.882 -26.295  34.516  10.733 -27.311  35.348  10.954 -23.705  34.441   8.869
 -23.740  35.123   7.840 -23.667  33.106   8.851 -23.678  32.623   9.745 -23.565
  32.268   7.655 -23.542  32.891   6.759 -22.279  31.414   7.700 -22.321  30.783
   8.586 -22.323  30.755   6.834 -20.899  32.099   7.666 -20.839  32.752   6.799
 -20.541  32.895   8.925 -20.723  32.294   9.816 -19.496  33.194   8.889 -21.130
  33.805   8.969 -19.842  31.001   7.523 -19.976  30.486   6.572 -18.844  31.432
   7.541 -19.930  30.286   8.342 -24.779  31.330   7.574 -25.112  30.677   8.560
 -25.388  31.185   6.396 -25.066  31.743   5.618 -26.441  30.194   6.120 -26.759
  29.731   7.055 -27.673  30.901   5.532 -27.993  31.673   6.235 -27.395  31.379
   4.592 -28.849  29.941   5.289 -28.570  29.218   4.518 -29.040  29.392   6.214
 -30.137  30.662   4.853 -30.075  31.725   4.191 -31.246  30.157   5.151 -25.905
  29.074   5.212 -25.216  29.347   4.228 -26.194  27.809   5.542 -26.812  27.648
   6.333 -25.599  26.631   4.891 -24.515  26.757   4.894 -25.934  25.383   5.727
 -25.687  25.577   6.771 -27.006  25.184   5.664 -25.155  24.142   5.265 -25.395
  23.931   4.224 -24.085  24.337   5.351 -25.518  22.914   6.112 -25.253  23.101
   7.155 -26.595  22.743   6.045 -24.775  21.672   5.601 -25.014  21.531   4.542
 -23.697  21.843   5.683 -25.149  20.452   6.361 -26.139  20.270   6.300 -24.673
  19.641   5.995 -24.903  20.532   7.336 -26.053  26.496   3.431 -27.253  26.473
   3.150 -25.094  26.376   2.512 -24.133  26.362   2.837 -25.317  26.095   1.089
 -26.333  26.370   0.803 -24.630  26.703   0.500 -25.092  24.617   0.726 -24.721
  23.815   1.591 -25.251  24.233  -0.556 -25.644  25.088  -1.668 -25.088  26.026
  -1.679 -26.716  25.287  -1.611 -25.336  24.285  -2.931 -24.297  24.441  -3.224
 -26.009  24.545  -3.749 -25.533  22.841  -2.470 -24.976  22.139  -3.091 -26.597
  22.599  -2.492 -25.047  22.852  -1.015 -25.673  22.178  -0.430 -23.588  22.368
  -0.890 -23.346  21.160  -0.856 -22.624  23.292  -0.773 -22.901  24.259  -0.839
 -21.201  23.010  -0.533 -21.013  21.960  -0.770 -20.348  23.855  -1.503 -20.494
  24.913  -1.281 -19.293  23.627  -1.355 -20.660  23.596  -2.970 -20.812  22.467
  -3.416 -20.762  24.627  -3.777 -20.955  24.452  -4.753 -20.616  25.564  -3.434
 -20.774  23.176   0.948 -19.574  23.163   1.240 -21.725  23.340   1.880 -22.692
  23.340   1.580 -21.478  23.601   3.307 -22.245  23.106   3.901 -20.515  23.178
   3.596 -21.492  25.094   3.660 -22.312  25.851   3.136 -20.592  25.521   4.548
 -19.931  24.842   4.918 -20.334  26.934   4.866 -21.181  27.535   4.539 -20.202
  27.110   6.384 -19.402  26.463   6.747 -19.897  28.137   6.578 -21.468  26.854
   7.187 -21.538  25.785   8.104 -20.701  25.109   8.214 -22.693  25.595   8.890
 -22.743  24.779   9.599 -23.782  26.483   8.765 -24.899  26.324   9.519 -24.884
  25.495  10.028 -23.713  27.548   7.845 -24.548  28.225   7.766 -22.565  27.728
   7.053 -22.522  28.544   6.347 -19.101  27.492   4.127 -18.979  28.709   3.978
 -18.221  26.619   3.626 -18.319  25.646   3.908 -17.163  26.946   2.664 -16.836
  26.020   2.193 -17.565  27.583   1.882 -15.920  27.611   3.261 -15.264  28.410
   2.591 -15.587  27.283   4.510 -16.159  26.602   4.990 -14.344  27.696   5.165
 -13.644  28.020   4.395 -14.591  28.898   6.089 -13.623  29.324   6.354 -15.120
  29.662   5.525 -15.352  28.609   7.372 -14.661  28.520   8.597 -13.585  28.635
   8.626 -15.369  28.293   9.791 -14.843  28.234  10.733 -16.766  28.149   9.764
 -17.312  27.981  10.680 -17.457  28.231   8.545 -18.532  28.123   8.533 -16.752
  28.460   7.350 -17.289  28.526   6.415 -13.668  26.536   5.906 -14.270  25.488
   6.156 -12.399  26.744   6.250 -11.986  27.635   5.988 -11.534  25.794   6.948
 -12.107  24.911   7.219 -10.367  25.364   6.038  -9.759  26.240   5.816  -9.741
  24.666   6.596 -10.740  24.714   4.721 -10.356  23.429   4.324 -10.821  23.270
   3.073 -10.698  22.374   2.475 -11.472  24.374   2.672 -11.954  24.482   1.775
 -11.410  25.304   3.686 -11.797  26.313   3.661 -10.993  26.434   8.228 -10.550
  27.582   8.187 -10.969  25.697   9.341 -11.284  24.734   9.270 -10.260  26.090
  10.567  -9.949  27.127  10.481 -11.151  25.954  11.818 -11.505  24.924  11.876
 -10.531  26.130  12.699 -12.354  26.905  11.895 -12.981  26.781  11.014 -13.171
  26.587  13.144 -12.563  26.739  14.035 -14.043  27.237  13.186 -13.507  25.553
  13.117 -11.938  28.367  12.000 -11.406  28.647  11.099 -12.821  28.997  12.088
 -11.290  28.517  12.864  -8.989  25.262  10.756  -8.959  24.086  10.389  -7.978
  25.855  11.393  -8.103  26.823  11.677  -6.788  25.160  11.896  -7.071  24.125
  12.086  -5.665  25.140  10.837  -4.934  24.390  11.141  -6.085  24.799   9.891
  -4.905  26.429  10.579  -3.635  26.490   9.992  -3.323  27.795   9.904  -2.397
  28.188   9.498  -4.330  28.547  10.377  -4.331  29.561  10.416  -5.336  27.706
  10.800  -6.282  27.999  11.228  -6.297  25.724  13.240  -6.622  26.856  13.617
  -5.497  24.927  13.952  -5.315  24.001  13.582  -4.736  25.363  15.131  -5.356
  26.020  15.743  -4.476  24.495  15.737  -3.441  26.109  14.773  -2.966  26.046
  13.637  -2.840  26.796  15.748  -3.252  26.778  16.671  -1.576  27.537  15.592
  -1.062  27.165  14.704  -1.882  29.029  15.350  -2.522  29.104  14.469  -2.430
  29.431  16.202  -0.616  29.872  15.119  -0.050  29.936  16.050   0.012  29.366
  14.383  -0.931  31.285  14.605  -1.502  31.425  13.499  -0.554  32.275  15.273
  -0.624  27.301  16.784  -1.066  27.146  17.928   0.692  27.261  16.517   0.978
  27.425  15.560   1.744  26.887  17.480   1.573  25.849  17.775   3.113  26.959
  16.776   3.073  26.357  15.866   3.320  27.993  16.492   4.265  26.438  17.653
   4.345  27.047  18.554   4.058  25.406  17.941   5.601  26.493  16.897   5.535
  25.872  16.002   5.804  27.524  16.600   6.739  25.985  17.791   6.778  26.597
  18.697   6.520  24.956  18.092   8.048  26.036  17.095   8.282  26.978  16.823
   8.787  25.701  17.693   8.045  25.464  16.265   1.708  27.747  18.753   1.874
  28.967  18.700   1.504  27.097  19.901   1.374  26.097  19.855   1.477  27.724
  21.229   1.530  26.938  21.982   2.358  28.355  21.341   0.240  28.581  21.543
   0.224  29.245  22.583  -0.789  28.599  20.680  -0.731  28.007  19.857  -2.016
  29.402  20.857  -1.798  30.223  21.543  -2.461  30.012  19.512  -2.846  29.211
  18.877  -3.283  30.705  19.699  -1.369  30.755  18.718  -0.615  30.036  18.399
  -1.829  31.170  17.821  -0.679  31.896  19.482  -1.424  32.637  19.779  -0.187
  31.503  20.373   0.374  32.552  18.576   1.109  31.794  18.287  -0.115  32.907
  17.663   1.058  33.682  19.252   1.538  33.379  20.086   1.746  34.101  18.644
   0.407  34.406  19.513  -3.148  28.586  21.498  -3.223  27.370  21.307  -4.043
  29.258  22.232  -3.896  30.247  22.367  -5.210  28.630  22.883  -5.007  27.567
  23.021  -5.423  29.243  24.284  -5.684  30.296  24.167  -6.275  28.742  24.744
  -4.231  29.138  25.256  -3.376  29.676  24.847  -4.606  29.779  26.593  -5.437
  29.240  27.048  -3.748  29.751  27.266  -4.890  30.819  26.434  -3.819  27.689
  25.528  -3.440  27.231  24.615  -3.025  27.666  26.273  -4.673  27.119  25.894
  -6.502  28.700  22.040  -7.359  27.826  22.177  -6.634  29.706  21.165  -5.886
  30.378  21.116  -7.766  29.887  20.243  -8.671  29.469  20.688  -7.939  30.953
  20.094  -7.562  29.240  18.865  -6.465  28.777  18.538  -8.620  29.232  18.047
  -9.464  29.688  18.362  -8.646  28.635  16.699  -7.698  28.125  16.523  -9.762
  27.573  16.600 -10.728  28.080  16.569  -9.643  27.035  15.658  -9.799  26.547
  17.754 -10.127  27.052  18.663 -10.544  25.786  17.524  -8.467  25.846  18.033
  -7.661  25.582  17.152  -8.187  25.505  19.271  -7.282  25.111  19.455  -8.839
  25.719  20.025  -8.776  29.707  15.598  -9.363  30.771  15.822  -8.238  29.427
  14.406  -7.806  28.519  14.266  -8.090  30.399  13.312  -8.659  31.298  13.544
  -6.610  30.795  13.173  -6.024  29.898  12.966  -6.507  31.451  12.308  -6.008
  31.497  14.378  -5.527  30.748  15.471  -5.588  29.668  15.454  -4.980  31.399
  16.593  -4.637  30.818  17.436  -4.884  32.809  16.610  -4.368  33.457  17.689
  -4.076  32.847  18.373  -5.334  33.555  15.502  -5.236  34.630  15.513  -5.909
  32.902  14.395  -6.270  33.481  13.554  -8.611  29.856  11.975  -8.584  28.649
  11.736  -9.043  30.741  11.073  -9.041  31.723  11.334  -9.450  30.385   9.705
  -9.982  29.438   9.744 -10.429  31.429   9.115  -9.932  32.400   9.091 -10.817
  31.049   7.673 -11.345  30.095   7.657 -11.460  31.821   7.258  -9.940  30.989
   7.033 -11.690  31.547  10.005 -12.123  30.558  10.145 -11.392  31.933  10.979
 -12.801  32.458   9.471 -13.293  31.990   8.619 -13.542  32.616  10.255 -12.389
  33.420   9.169  -8.213  30.166   8.825  -7.375  31.058   8.687  -8.114  28.991
   8.193  -8.869  28.328   8.344  -7.029  28.625   7.264  -6.125  29.155   7.571
  -6.760  27.107   7.371  -6.888  26.815   8.414  -7.496  26.549   6.791  -5.334
  26.682   6.966  -4.625  27.383   7.406  -5.135  25.703   7.405  -5.038  26.589
   5.462  -5.270  27.530   4.971  -3.967  26.410   5.341  -5.769  25.484   4.821
  -6.164  24.764   5.418  -5.826  25.197   3.537  -5.294  25.948   2.615  -4.779
  26.769   2.882  -5.322  25.657   1.653  -6.423  24.108   3.167  -6.758  23.486
   3.897  -6.457  23.841   2.199  -7.332  29.074   5.833  -6.452  29.606   5.159
  -8.575  28.882   5.384  -9.251  28.492   6.026  -9.031  29.160   4.018  -8.483
  30.021   3.633  -8.700  27.928   3.143  -7.619  27.777   3.153  -9.154  27.052
   3.606  -9.168  27.980   1.675 -10.248  28.121   1.639  -8.483  29.098   0.887
  -7.401  28.962   0.910  -8.823  29.076  -0.148  -8.729  30.072   1.304  -8.844
  26.659   0.980  -9.311  25.835   1.519  -9.230  26.674  -0.039  -7.766  26.502
   0.955 -10.531  29.498   3.992 -11.307  28.934   4.762 -10.934  30.375   3.069
 -10.231  30.789   2.474 -12.333  30.660   2.704 -12.990  29.928   3.175 -12.765
  32.062   3.178 -12.089  32.809   2.759 -14.188  32.398   2.729 -14.868  31.607
   3.034 -14.506  33.344   3.168 -14.223  32.498   1.646 -12.708  32.165   4.704
 -11.678  32.053   5.034 -13.069  33.139   5.026 -13.323  31.389   5.156 -12.481
  30.518   1.188 -11.652  31.030   0.433 -13.511  29.803   0.735 -14.172  29.423
   1.408 -13.666  29.400  -0.670 -12.670  29.348  -1.104 -14.253  27.979  -0.738
 -15.219  27.967  -0.230 -14.405  27.714  -1.785 -13.314  26.939  -0.094 -12.356
  26.965  -0.620 -13.129  27.211   0.947 -13.861  25.502  -0.125 -14.956  25.238
  -0.674 -13.197  24.594   0.428 -14.499  30.403  -1.502 -15.400  31.050  -0.951
 -14.257  30.536  -2.826 -13.164  29.939  -3.586 -13.448  28.936  -3.908 -12.233
  29.905  -3.022 -12.971  30.840  -4.804 -12.553  30.294  -5.650 -12.335  31.686
  -4.538 -14.388  31.330  -5.085 -14.920  30.571  -5.662 -14.387  32.281  -5.619
 -14.998  31.465  -3.684 -14.812  32.477  -3.323 -16.511  31.203  -3.703 -16.958
  30.069  -3.895 -17.309  32.257  -3.514 -16.871  33.156  -3.321 -18.776  32.202
  -3.502 -19.157  33.223  -3.538 -19.122  31.678  -4.394 -19.393  31.515  -2.274
 -20.604  31.276  -2.254 -18.588  31.185  -1.259 -17.607  31.420  -1.331 -19.043
  30.520  -0.032 -19.619  29.643  -0.325 -17.845  30.038   0.793 -18.214  29.565
   1.700 -17.272  29.309   0.219 -17.005  31.111   1.164 -16.333  31.197   0.455
 -19.918  31.419   0.855 -19.765  32.645   0.839 -20.779  30.835   1.712 -21.286
  29.471   1.642 -20.539  28.772   2.015 -21.573  29.203   0.624 -22.518  29.454
   2.543 -22.698  28.470   2.973 -23.389  29.791   1.978 -22.167  30.487   3.611
 -21.505  30.033   4.350 -23.054  30.899   4.093 -21.421  31.556   2.810 -22.141
  32.260   2.394 -20.433  32.320   3.700 -20.740  33.424   4.140 -19.233  31.779
   3.927 -19.050  30.841   3.591 -18.168  32.456   4.663 -18.565  32.793   5.620
 -17.073  31.425   4.933 -16.769  30.948   4.001 -16.210  31.906   5.395 -17.458
  30.660   5.604 -17.629  33.709   3.944 -17.461  34.748   4.583 -17.418  33.659
   2.624 -17.543  32.774   2.140 -17.017  34.835   1.837 -16.151  35.293   2.317
 -16.606  34.407   0.415 -15.837  33.639   0.486 -17.466  33.986  -0.107 -16.043
  35.590  -0.387 -16.838  36.315  -0.570 -15.271  36.083   0.210 -15.446  35.154
  -1.733 -16.202  34.714  -2.628 -14.217  35.294  -1.929 -18.134  35.891   1.800
 -17.877  37.085   1.978 -19.389  35.447   1.649 -19.507  34.448   1.489 -20.598
  36.290   1.678 -20.473  37.118   0.978 -21.796  35.439   1.222 -21.804  34.503
   1.782 -22.725  35.971   1.432 -21.729  35.151  -0.289 -22.008  36.056  -0.830
 -20.711  34.882  -0.574 -22.655  33.998  -0.699 -22.295  33.078  -0.232 -23.672
  34.198  -0.358 -22.644  33.852  -2.227 -23.226  34.672  -2.660 -21.614  33.948
  -2.586 -23.194  32.546  -2.667 -24.092  32.359  -2.249 -23.313  32.526  -3.669
 -22.555  31.795  -2.428 -20.842  36.931   3.051 -21.358  38.047   3.118 -20.414
  36.277   4.133 -20.107  35.320   4.009 -20.399  36.819   5.493 -21.288  37.439
   5.625 -20.501  35.647   6.475 -19.617  35.014   6.396 -20.584  36.026   7.492
 -21.390  35.057   6.250 -19.178  37.718   5.799 -19.145  38.360   6.851 -18.187
  37.795   4.901 -18.264  37.244   4.055 -17.005  38.656   5.042 -16.620  38.865
   4.044 -17.295  39.606   5.492 -15.853  38.060   5.863 -15.097  38.814   6.483
 -15.715  36.730   5.898 -16.380  36.168   5.374 -14.564  36.030   6.487 -14.188
  36.609   7.331 -15.001  34.649   7.011 -15.389  34.072   6.171 -14.122  34.127
   7.387 -16.064  34.680   8.124 -16.950  35.215   7.782 -16.477  33.253   8.474
 -15.615  32.677   8.806 -17.216  33.274   9.270 -16.911  32.775   7.599 -15.544
  35.342   9.401 -15.344  36.396   9.217 -16.285  35.260  10.195 -14.622  34.858
   9.721 -13.402  35.895   5.486 -13.623  35.787   4.278 -12.167  35.857   5.997
 -12.066  35.969   7.004 -10.923  35.647   5.238 -11.156  35.162   4.290 -10.246
  37.009   4.953 -10.098  37.517   5.907  -9.257  36.833   4.527 -11.002  37.961
   4.005 -12.015  38.126   4.370 -10.289  39.315   3.964  -9.271  39.193   3.594
 -10.832  39.996   3.310 -10.260  39.744   4.966 -11.058  37.424   2.573 -11.623
  36.494   2.544 -11.560  38.146   1.930 -10.050  37.248   2.196  -9.954  34.711
   5.992 -10.118  34.438   7.183  -8.914  34.230   5.303  -8.809  34.496   4.336
  -7.822  33.478   5.925  -8.249  32.628   6.461  -6.908  32.930   4.823  -6.474
  33.752   4.252  -6.101  32.348   5.271  -7.476  32.285   4.152  -7.038  34.335
   6.944  -6.800  35.526   6.725  -6.618  33.719   8.051  -6.841  32.734   8.161
  -5.893  34.357   9.157  -5.264  33.605   9.634  -5.240  35.135   8.760  -6.776
  34.987  10.245  -6.245  35.428  11.265  -8.103  35.014  10.076  -8.489  34.636
   9.223  -9.040  35.507  11.099  -8.695  36.485  11.438 -10.458  35.687  10.522
 -10.791  34.720  10.143 -11.124  35.960  11.344 -10.614  36.748   9.411  -9.699
  37.575   9.191 -11.697  36.793   8.780  -9.079  34.582  12.331  -9.090  33.355
  12.202  -9.129  35.173  13.529  -9.171  36.189  13.539  -9.216  34.488  14.830
  -8.779  33.491  14.754  -8.413  35.315  15.850  -7.398  35.437  15.474  -8.856
  36.309  15.920  -8.354  34.701  17.258  -9.360  34.644  17.675  -7.935  33.695
  17.200  -7.479  35.569  18.176  -6.463  35.585  17.776  -7.852  36.595  18.168
  -7.439  35.049  19.558  -6.749  34.343  19.761  -8.183  35.427  20.585  -9.099
  36.346  20.516  -9.242  36.854  19.665  -9.622  36.557  21.360  -8.023  34.888
  21.755  -7.305  34.201  21.913  -8.612  35.219  22.509 -10.676  34.346  15.256
 -11.406  35.333  15.205 -11.101  33.170  15.722 -10.447  32.395  15.759 -12.440
  32.980  16.300 -13.133  33.666  15.809 -12.958  31.549  16.050 -12.134  30.838
  16.123 -13.670  31.309  16.840 -13.697  31.367  14.711 -14.534  32.065  14.671
 -12.809  31.602  13.489 -11.921  30.972  13.543 -13.366  31.374  12.581 -12.505
  32.647  13.444 -14.259  29.947  14.632 -14.938  29.773  15.467 -14.812  29.819
  13.702 -13.445  29.223  14.674 -12.458  33.340  17.794 -11.543  32.998  18.546
 -13.536  34.008  18.211 -14.216  34.268  17.505 -13.787  34.491  19.580 -12.942
  34.228  20.215 -13.934  36.029  19.599 -14.833  36.307  19.049 -14.062  36.578
  21.025 -13.161  36.350  21.590 -14.200  37.659  20.997 -14.918  36.137  21.534
 -12.742  36.735  18.942 -12.702  36.502  17.878 -12.850  37.813  19.052 -11.815
  36.415  19.416 -15.026  33.821  20.178 -14.971  33.325  21.302 -16.125  33.734
  19.418 -16.093  34.106  18.476 -17.359  33.045  19.830 -17.104  32.328  20.607
 -18.414  34.016  20.403 -18.813  34.623  19.590 -19.238  33.420  20.798 -17.915
  34.946  21.520 -17.418  34.347  22.282 -17.180  35.635  21.105 -19.036  35.759
  22.191 -20.104  35.995  21.582 -18.847  36.202  23.347 -18.002  32.259  18.677
 -17.900  32.655  17.513 -18.730  31.190  19.014 -18.762  30.940  20.001 -19.614
  30.436  18.109 -19.659  30.942  17.144 -19.097  29.002  17.866 -19.066  28.469
  18.817 -20.021  28.232  16.911 -20.117  28.767  15.966 -19.614  27.241  16.721
 -21.009  28.107  17.355 -17.683  28.985  17.269 -16.985  29.479  17.942 -17.356
  27.956  17.123 -17.672  29.504  16.314 -21.024  30.415  18.706 -21.204  30.004
  19.851 -22.024  30.888  17.956 -21.798  31.182  17.009 -23.426  31.034  18.388
 -23.903  31.682  17.654 -24.151  29.675  18.298 -23.674  28.973  18.983 -25.189
  29.789  18.609 -24.165  29.086  16.896 -24.275  29.780  15.894 -24.065  27.783
  16.778 -24.105  27.384  15.858 -23.996  27.202  17.599 -23.629  31.781  19.733
 -24.647  31.600  20.407 -22.679  32.641  20.120 -21.893  32.774  19.501 -22.672
  33.386  21.388 -22.217  34.361  21.212 -23.697  33.556  21.718 -21.912  32.721
  22.548 -21.848  33.298  23.634 -21.320  31.538  22.350 -21.406  31.097  21.440
 -20.457  30.859  23.331 -20.653  31.257  24.327 -20.756  29.348  23.355 -20.499
  28.921  22.384 -20.110  28.877  24.098 -22.219  28.981  23.667 -22.857  29.353
  22.861 -22.304  27.893  23.664 -22.734  29.510  25.018 -21.940  29.686  25.971
 -23.963  29.715  25.161 -18.973  31.109  23.017 -18.545  30.937  21.875 -18.175
  31.510  24.013 -18.566  31.604  24.939 -16.762  31.861  23.824 -16.692  32.479
  22.931 -16.292  32.717  25.017 -16.981  33.552  25.148 -16.313  32.117  25.927
 -14.882  33.265  24.843 -13.905  32.529  24.840 -14.727  34.561  24.710 -13.788
  34.929  24.574 -15.527  35.172  24.706 -15.877  30.624  23.569 -16.002  29.606
  24.256 -14.966  30.732  22.595 -14.918  31.617  22.099 -14.078  29.646  22.133
 -14.226  28.789  22.788 -14.456  29.169  20.714 -13.785  28.354  20.454 -15.883
  28.613  20.660 -16.611  29.409  20.808 -16.059  28.144  19.693 -16.012  27.863
  21.438 -14.312  30.247  19.634 -13.310  30.676  19.659 -14.476  29.801  18.654
 -15.047  31.033  19.791 -12.579  29.968  22.238 -11.750  29.189  21.771 -12.194
  31.077  22.879 -12.910  31.657  23.310 -10.800  31.566  22.925 -10.438  31.668
  21.901 -10.757  32.954  23.584 -11.178  32.892  24.588  -9.715  33.262  23.677
 -11.497  34.028  22.780 -11.102  34.048  21.761 -12.560  33.787  22.725 -11.303
  35.400  23.435 -12.133  35.791  24.288 -10.304  36.087  23.112  -9.805  30.634
  23.647  -8.592  30.806  23.504 -10.303  29.648  24.409 -11.309  29.617  24.499
  -9.514  28.593  25.075  -8.511  28.605  24.652  -9.389  28.889  26.585 -10.383
  28.893  27.037  -8.806  28.093  27.052  -8.688  30.225  26.886  -7.724  30.247
  26.376  -9.300  31.050  26.520  -8.463  30.408  28.394  -9.427  30.382  28.906
  -7.840  29.593  28.768  -7.771  31.750  28.668  -6.815  31.772  28.136  -8.395
  32.556  28.268  -7.545  31.967  30.118  -6.958  31.247  30.512  -7.091  32.852
  30.284  -8.414  31.973  30.629 -10.033  27.169  24.797  -9.663  26.231  25.505
 -10.898  26.991  23.796 -11.079  27.774  23.179 -11.447  25.680  23.407 -11.381
  25.004  24.261 -12.938  25.793  23.052 -13.082  26.539  22.268 -13.262  24.826
  22.669 -13.792  26.152  24.284 -13.397  25.614  25.150 -13.692  27.221  24.489
 -15.282  25.788  24.134 -15.787  25.604  23.006 -15.992  25.680  25.161 -10.639
  25.014  22.281 -10.006  25.687  21.462 -10.644  23.678  22.244 -11.241  23.176
  22.894  -9.854  22.886  21.284  -8.862  23.333  21.220  -9.658  21.427  21.739
  -8.897  20.975  21.103  -9.191  21.299  23.190  -9.973  21.628  23.874  -8.944
  20.260  23.404  -8.300  21.908  23.341 -10.843  20.676  21.596 -10.659  19.801
  21.962 -10.456  22.911  19.878 -11.641  23.195  19.692  -9.658  22.548  18.868
  -8.684  22.361  19.058 -10.136  22.420  17.485 -10.482  23.392  17.130  -8.971
  21.972  16.592  -8.182  22.724  16.633  -8.562  21.035  16.974  -9.360  21.773
  15.150  -9.678  22.791  14.246  -9.955  22.173  13.087 -10.236  22.682  12.173
  -9.828  20.840  13.220  -9.962  20.155  12.486  -9.460  20.569  14.518  -9.276
  19.597  14.957 -11.334  21.465  17.379 -12.329  21.803  16.747 -11.299  20.324
  18.076 -10.477  20.126  18.625 -12.407  19.358  18.093 -12.697  19.152  17.063
 -11.936  18.038  18.731 -11.574  18.240  19.741 -12.786  17.359  18.815 -10.818
  17.335  17.936  -9.958  17.999  17.854 -10.496  16.454  18.493 -11.238  16.877
  16.537 -12.391  16.576  16.256 -10.320  16.785  15.601 -10.596  16.462  14.687
  -9.350  17.042  15.806 -13.667  19.895  18.801 -14.782  19.592  18.372 -13.519
  20.730  19.838 -12.583  20.963  20.148 -14.648  21.404  20.494 -15.420  20.667
  20.720 -14.185  22.033  21.820 -13.280  22.611  21.636 -14.956  22.711  22.186
 -13.917  20.974  22.905 -14.871  20.546  23.215 -13.315  20.165  22.493 -13.189
  21.512  24.141 -12.619  22.596  24.172 -13.172  20.764  25.223 -12.691  21.115
  26.038 -13.627  19.863  25.231 -15.291  22.454  19.571 -16.515  22.477  19.422
 -14.481  23.275  18.893 -13.481  23.213  19.067 -14.966  24.284  17.932 -15.757
  24.859  18.414 -13.841  25.269  17.553 -12.989  24.718  17.154 -14.293  26.297
  16.510 -15.174  26.831  16.865 -13.492  27.012  16.322 -14.530  25.796  15.573
 -13.396  26.055  18.791 -12.926  25.393  19.516 -12.676  26.824  18.515 -14.263
  26.520  19.253 -15.603  23.631  16.701 -16.669  24.069  16.265 -15.023  22.534
  16.196 -14.124  22.248  16.576 -15.627  21.699  15.147 -15.753  22.316  14.263
 -14.720  20.505  14.771 -14.339  20.052  15.685 -15.440  19.412  13.965 -15.897
  19.841  13.074 -14.726  18.643  13.669 -16.208  18.934  14.573 -13.533  20.958
  13.911 -13.062  21.840  14.341 -12.794  20.158  13.867 -13.866  21.191  12.901
 -17.024  21.240  15.562 -17.972  21.484  14.819 -17.187  20.657  16.755 -16.370
  20.447  17.318 -18.499  20.200  17.238 -18.907  19.503  16.506 -18.357  19.449
  18.564 -17.819  20.069  19.283 -19.349  19.226  18.962 -17.661  18.232  18.359
 -17.444  17.860  19.228 -19.519  21.336  17.386 -20.672  21.160  16.983 -19.120
  22.520  17.886 -18.158  22.607  18.207 -20.028  23.684  17.993 -20.923  23.380
  18.539 -19.369  24.850  18.752 -18.392  25.073  18.317 -20.003  25.730  18.629
 -19.219  24.594  20.258 -20.159  24.213  20.661 -18.440  23.853  20.428 -18.856
  25.902  20.977 -17.994  26.347  20.476 -19.687  26.607  20.902 -18.503  25.686
  22.391 -17.508  25.673  22.610 -19.303  25.523  23.428 -20.600  25.474  23.320
 -21.030  25.545  22.415 -21.165  25.320  24.138 -18.809  25.399  24.623 -17.801
  25.462  24.766 -19.419  25.275  25.413 -20.528  24.173  16.630 -21.693  24.551
  16.518 -19.680  24.149  15.599 -18.724  23.854  15.777 -20.040  24.611  14.247
 -20.733  25.448  14.344 -18.791  25.150  13.509 -18.051  24.350  13.475 -19.130
  25.572  12.066 -19.846  26.393  12.069 -18.227  25.886  11.543 -19.554  24.741
  11.505 -18.180  26.352  14.271 -18.861  27.202  14.217 -18.054  26.096  15.321
 -16.801  26.781  13.763 -16.875  27.223  12.773 -16.384  27.525  14.442 -16.137
  25.917  13.729 -20.793  23.519  13.465 -21.796  23.816  12.817 -20.390  22.243
  13.566 -19.561  22.050  14.124 -21.069  21.104  12.909 -21.238  21.355  11.861
 -20.187  19.841  12.984 -19.895  19.678  14.023 -20.776  18.976  12.676 -18.913
  19.898  12.117 -18.353  20.798  12.364 -18.284  19.043  12.369 -19.161  19.891
  10.599 -19.817  20.723  10.334 -18.202  20.044  10.098 -19.744  18.617  10.132
 -19.805  17.860  10.796 -20.165  18.337   8.911 -20.129  19.197   7.934 -19.761
  20.119   8.088 -20.448  18.929   7.018 -20.639  17.157   8.639 -20.687  16.452
   9.357 -20.954  16.945   7.706 -22.469  20.824  13.471 -23.317  20.312  12.741
 -22.745  21.207  14.721 -21.982  21.529  15.302 -24.087  21.160  15.312 -24.526
  20.185  15.092 -23.943  21.276  16.835 -23.487  22.232  17.097 -24.925  21.209
  17.304 -23.321  20.463  17.212 -25.062  22.225  14.754 -26.271  22.123  14.977
 -24.573  23.238  14.027 -23.577  23.275  13.849 -25.392  24.285  13.416 -26.277
  24.452  14.034 -24.585  25.588  13.422 -23.714  25.497  12.775 -25.209  26.402
  13.059 -24.257  25.817  14.436 -25.871  23.854  12.013 -25.202  24.100  11.005
 -27.026  23.180  11.950 -27.502  22.994  12.824 -27.494  22.473  10.745 -26.647
  21.932  10.322 -28.571  21.438  11.137 -29.439  21.973  11.526 -28.887  20.918
  10.231 -28.148  20.378  12.174 -27.896  20.869  13.113 -29.315  19.425  12.436
 -29.582  18.896  11.521 -29.035  18.702  13.201 -30.178  19.990  12.790 -26.950
  19.545  11.714 -26.067  20.176  11.632 -26.742  18.765  12.447 -27.162  19.084
  10.750 -28.015  23.384   9.613 -27.992  22.966   8.454 -28.473  24.605   9.924
 -28.455  24.869  10.897 -29.060  25.542   8.948 -29.027  25.095   7.952 -30.545
  25.780   9.292 -30.626  26.199  10.295 -30.961  26.508   8.595 -31.394  24.522
   9.194 -31.414  23.829   8.187 -32.136  24.185  10.224 -32.709  23.358  10.150
 -32.149  24.757  11.055 -28.287  26.870   8.828 -27.990  27.304   7.713 -27.950
  27.511   9.951 -28.228  27.122  10.838 -27.149  28.738   9.990 -26.463  28.726
   9.145 -28.083  29.950   9.850 -28.794  29.972  10.678 -27.499  30.871   9.860
 -28.630  29.892   8.908 -26.299  28.827  11.271 -26.705  28.325  12.324 -25.140
  29.490  11.191 -24.916  29.927  10.300 -24.169  29.661  12.288 -24.658  29.378
  13.221 -22.959  28.711  12.111 -23.348  27.703  11.981 -22.087  29.021  10.888
 -21.598  29.989  10.997 -21.328  28.248  10.772 -22.708  29.027   9.994 -22.045
  28.696  13.342 -22.625  28.450  14.230 -21.273  27.937  13.217 -21.565  29.664
  13.482 -23.743  31.125  12.433 -23.504  31.814  11.438 -23.618  31.598  13.678
 -23.823  30.960  14.444 -23.050  32.911  14.025 -22.992  33.531  13.130 -23.944
  33.632  15.046 -24.117  32.966  15.889 -23.423  34.520  15.410 -25.291  34.070
  14.446 -25.101  34.816  13.673 -25.792  33.218  13.985 -26.226  34.684  15.500
 -25.711  35.500  16.009 -27.087  35.112  14.983 -26.715  33.671  16.460 -27.370
  32.991  16.105 -26.399  33.534  17.737 -25.599  34.347  18.364 -25.269  35.173
  17.897 -25.465  34.246  19.356 -26.887  32.544  18.421 -27.543  31.910  17.994
 -26.614  32.411  19.382 -21.627  32.742  14.549 -21.369  31.849  15.356 -20.715
  33.601  14.106 -21.025  34.332  13.473 -19.292  33.575  14.452 -19.134  32.932
  15.319 -18.474  33.018  13.265 -18.614  33.687  12.415 -17.415  33.042  13.531
 -18.836  31.588  12.813 -19.902  31.526  12.597 -18.081  31.228  11.535 -17.005
  31.270  11.704 -18.360  30.225  11.212 -18.351  31.927  10.747 -18.481  30.540
  13.866 -19.053  30.725  14.772 -18.732  29.547  13.496 -17.416  30.586  14.095
 -18.829  34.989  14.824 -18.978  35.915  14.026 -18.251  35.158  16.015 -18.124
  34.337  16.600 -17.565  36.392  16.411 -17.913  37.208  15.778 -17.902  36.739
  17.873 -18.971  36.605  18.047 -17.365  36.042  18.512 -17.508  38.173  18.273
 -16.536  38.415  17.847 -18.538  39.192  17.790 -19.502  39.006  18.263 -18.206
  40.201  18.035 -18.651  39.116  16.714 -17.416  38.304  19.791 -16.619  37.666
  20.165 -17.192  39.334  20.068 -18.361  38.010  20.247 -16.062  36.212  16.177
 -15.494  35.211  16.617 -15.424  37.155  15.483 -15.959  37.959  15.165 -14.048
  37.028  14.974 -13.553  36.246  15.543 -14.038  36.601  13.487 -13.000  36.527
  13.162 -14.671  35.219  13.279 -15.743  35.257  13.473 -14.507  34.893  12.253
 -14.208  34.501  13.952 -14.744  37.602  12.563 -14.301  38.591  12.669 -14.631
  37.284  11.527 -15.806  37.657  12.801 -13.214  38.300  15.167 -13.751  39.384
  15.392 -11.889  38.174  15.060 -11.528  37.235  14.909 -10.909  39.278  15.053
 -11.438  40.224  14.941 -10.137  39.329  16.392  -9.845  38.316  16.671  -8.871
  40.193  16.361  -9.111  41.201  16.027  -8.429  40.242  17.357  -8.133  39.754
  15.690 -11.028  39.899  17.503 -11.959  39.339  17.560 -10.518  39.825  18.464
 -11.253  40.946  17.299  -9.978  39.139  13.840  -9.531  38.037  13.516  -9.684
  40.255  13.166 -10.037  41.133  13.515  -8.828  40.293  11.968  -9.073  39.422
  11.359  -9.114  41.550  11.118  -8.765  42.422  11.671  -8.513  41.493  10.210
 -10.575  41.803  10.702 -11.448  40.911  10.795 -10.860  42.928  10.232  -7.323
  40.231  12.331  -6.925  40.759  13.378  -6.455  39.638  11.485  -6.781  38.946
  10.244  -7.432  39.543   9.606  -7.255  37.994  10.480  -5.448  38.693   9.539
  -5.196  39.549   8.912  -5.472  37.778   8.946  -4.459  38.592  10.699  -3.442
  38.832  10.386  -4.495  37.587  11.123  -5.010  39.596  11.718  -4.812  39.219
  12.723  -4.352  40.980  11.574  -4.740  41.791  10.729  -3.318  41.238  12.377
  -3.037  40.526  13.038  -2.512  42.468  12.352  -2.486  42.855  11.331  -3.176
  43.533  13.252  -4.184  43.713  12.878  -3.252  43.149  14.270  -2.410  44.867
  13.284  -1.443  44.710  13.767  -2.227  45.193  12.257  -3.172  45.975  14.028
  -4.361  46.227  13.728  -2.571  46.626  14.914  -1.060  42.181  12.782  -0.818
  41.339  13.652  -0.092  42.886  12.190  -0.350  43.571  11.491   1.333  42.838
  12.565   1.401  42.602  13.627   2.073  41.718  11.805   1.573  40.772  12.016
   2.131  41.910  10.287   2.668  42.825  10.038   2.641  41.062   9.831   1.121
  41.964   9.881   3.409  41.626  12.255   3.724  40.744  12.012   2.008  44.200
  12.363   1.561  45.013  11.549   3.093  44.450  13.099   3.412  43.714  13.715
   3.939  45.650  12.973   3.337  46.462  12.562   4.416  46.094  14.368   5.085
  45.329  14.767   4.990  47.017  14.267   3.280  46.343  15.370   2.192  46.834
  14.991   3.461  46.056  16.575   5.128  45.453  12.007   5.861  46.401  11.719
   5.332  44.234  11.496   4.676  43.505  11.746   6.382  43.894  10.524   7.269
  44.487  10.754   6.757  42.410  10.706   7.026  42.257  11.753   5.886  41.792
  10.481   7.938  41.959   9.831   7.619  41.931   8.788   8.738  42.698   9.922
   8.481  40.573  10.222   7.701  39.678  10.626   9.711  40.348  10.111   5.964
  44.230   9.075   4.782  44.158   8.725   6.924  44.586   8.212   7.879  44.623
   8.536   6.668  44.872   6.794   5.800  45.533   6.741   7.869  45.633   6.196
   8.037  46.541   6.777   8.761  45.010   6.286   7.702  46.020   4.714   8.602
  46.539   4.385   7.609  45.120   4.107   6.508  46.942   4.466   6.377  48.008
   5.053   5.584  46.579   3.603   4.817  47.211   3.430   5.655  45.689   3.102
   6.334  43.593   5.999   7.016  42.572   6.132   5.314  43.675   5.133   4.826
  44.557   5.076   4.884  42.620   4.197   5.326  41.671   4.504   3.344  42.470
   4.264   2.890  43.398   3.913   3.046  41.680   3.573   2.752  42.141   5.649
   2.994  42.937   6.353   1.232  42.045   5.535   0.956  41.244   4.850   0.804
  41.844   6.517   0.832  42.990   5.167   3.276  40.813   6.195   4.347  40.888
   6.378   2.782  40.585   7.140   3.083  40.013   5.482   5.401  42.863   2.772
   5.690  41.873   2.067   5.516  44.040   2.364
