#Frame       SA_00001
       1    6037.8905
       2    6047.6791
       3    6027.7198
       4    6022.6671
       5    6023.2698
       6    6005.3242
       7    5952.7378
       8    6026.4002
       9    6012.9909
      10    5969.7015
      11    5975.5855
      12    6037.0450
      13    6043.2300
      14    6051.3160
      15    5979.9961
      16    6090.0226
      17    6043.7985
      18    6046.7304
      19    6040.8295
      20    6051.5438
      21    6026.0113
      22    6020.8235
      23    5999.5514
      24    6024.3974
      25    6025.0885
      26    6037.8763
      27    6044.3386
      28    6017.5395
      29    6020.3260
      30    6012.4690
      31    5959.7900
      32    5974.2206
      33    6000.1284
      34    6029.4495
      35    5988.9491
      36    6023.0077
      37    6032.6125
      38    6049.7277
      39    5994.7883
      40    5996.3212
      41    6038.6426
      42    6020.0595
      43    6041.3348
      44    6051.1030
      45    6048.4243
      46    6018.1731
      47    6003.7197
      48    6047.6358
      49    6024.5191
      50    5943.0071
