#Frame       SA_00001
       1     826.6146
       2     823.5696
       3     821.7823
       4     821.8039
       5     821.7659
       6     812.2874
       7     814.6564
       8     828.0485
       9     821.6234
      10     821.8929
      11     816.5366
      12     811.4405
      13     811.4579
      14     823.6518
      15     824.8613
      16     812.5306
      17     824.7294
      18     811.8191
      19     810.8493
      20     816.8579
      21     820.3380
      22     821.7193
      23     823.9999
      24     821.5614
      25     820.5804
      26     833.3590
      27     811.1742
      28     821.9149
      29     821.8118
      30     810.2103
      31     824.2285
      32     821.2434
      33     828.0695
      34     820.3392
      35     826.1474
      36     819.5379
      37     824.3827
      38     823.6866
      39     814.5678
      40     829.0621
      41     828.7824
      42     821.9271
      43     824.9987
      44     812.6708
      45     810.9319
      46     821.8153
      47     810.2575
      48     821.1193
      49     821.6197
      50     810.2422
