#Frame       SA_00001
       1    6015.6750
       2    6017.0110
       3    5980.6793
       4    5974.5514
       5    5975.3527
       6    5959.4527
       7    5932.7550
       8    5950.8957
       9    5966.3866
      10    5951.7621
      11    5938.8702
      12    5986.6833
      13    5990.7859
      14    6023.4684
      15    5962.3472
      16    6075.5801
      17    5970.4399
      18    5995.7852
      19    5993.1795
      20    6028.9869
      21    5976.2798
      22    5973.8779
      23    5965.0365
      24    5988.3474
      25    5974.9426
      26    5981.9543
      27    5993.2455
      28    5973.0754
      29    5973.1777
      30    5963.4683
      31    5932.1732
      32    5937.4543
      33    5991.2556
      34    5982.3680
      35    5942.2971
      36    5962.1084
      37    5978.6857
      38    6017.4112
      39    5971.5628
      40    5992.4236
      41    5973.6373
      42    5973.2287
      43    5987.0390
      44    5998.3548
      45    5999.8688
      46    5972.2260
      47    5955.9285
      48    5995.7094
      49    5977.8800
      50    5921.7725
