#Frame       SA_00001
       1    5964.2886
       2    6027.6296
       3    6008.9016
       4    5946.1310
       5    5950.5710
       6    5978.0179
       7    5884.4395
       8    5943.7561
       9    5914.0583
      10    5969.4077
      11    5927.4634
      12    5953.3773
      13    5976.9109
      14    5884.5863
      15    5928.5605
      16    5977.8477
      17    5931.9611
      18    6015.2895
      19    5939.8906
      20    5917.0731
      21    5910.9041
      22    5892.4137
      23    5937.4278
      24    5943.9913
      25    5890.4737
      26    5926.7786
      27    5971.5056
      28    5941.0555
      29    5926.0891
      30    5999.1538
      31    5859.1349
      32    5881.6869
      33    5969.1067
      34    5913.2858
      35    5954.5210
      36    6024.5566
      37    6024.0741
      38    5935.5336
      39    5891.9864
      40    5928.6679
      41    5968.3562
      42    5891.8331
      43    5978.0518
      44    5889.3413
      45    5988.6829
      46    5886.8003
      47    6001.8719
      48    6048.3532
      49    6040.3791
      50    6003.3930
