#Frame       SA_00001
       1     812.3351
       2     768.8411
       3     776.7495
       4     812.0929
       5     812.8747
       6     812.6950
       7     818.4102
       8     824.9523
       9     822.1237
      10     811.3885
      11     826.3892
      12     810.5901
      13     797.1130
      14     827.9046
      15     800.7931
      16     814.8817
      17     820.9856
      18     811.6984
      19     813.9330
      20     815.6178
      21     806.1783
      22     829.8196
      23     821.1589
      24     806.8292
      25     829.7634
      26     820.2365
      27     812.5553
      28     812.8053
      29     802.4387
      30     800.9164
      31     821.2207
      32     818.9225
      33     799.5558
      34     788.4638
      35     802.5475
      36     785.8526
      37     786.5689
      38     801.4351
      39     802.2568
      40     819.7471
      41     811.9313
      42     793.5882
      43     797.7096
      44     828.3066
      45     816.8720
      46     823.1554
      47     813.4990
      48     776.0257
      49     811.0764
      50     813.5654
