#Frame       SA_00001
       1    6026.3456
       2    6064.1092
       3    6048.8334
       4    6030.2287
       5    6002.3004
       6    6040.1675
       7    5955.1351
       8    5960.5713
       9    5940.9079
      10    6028.6043
      11    5958.4086
      12    5999.5134
      13    6053.9277
      14    5902.9110
      15    5987.8801
      16    6020.2337
      17    5984.7261
      18    6070.2473
      19    5986.4839
      20    5979.0367
      21    5958.6523
      22    5906.2895
      23    5985.7171
      24    6021.7317
      25    5924.3099
      26    5959.7931
      27    6024.5313
      28    6002.3826
      29    5973.5975
      30    6085.9188
      31    5955.3055
      32    5893.2334
      33    6046.0485
      34    5969.0319
      35    6039.7053
      36    6070.9994
      37    6072.3035
      38    5992.2926
      39    5990.5519
      40    5975.6746
      41    6026.7052
      42    5938.5859
      43    6050.4648
      44    5906.5281
      45    6056.2625
      46    5885.4748
      47    6060.7395
      48    6098.0317
      49    6111.3220
      50    6063.9962
