#Frame       SA_00001
       1    1107.6443
       2    1034.5872
       3    1026.1660
       4    1032.7908
       5    1109.9900
       6    1115.3684
       7    1115.9292
       8    1117.3441
       9    1029.9319
      10    1108.0684
      11    1036.2243
      12    1019.3475
      13    1124.4904
      14    1108.9090
      15    1123.1234
      16    1034.9260
      17    1037.5329
      18    1108.1029
      19    1109.0805
      20    1107.0157
      21    1117.2191
      22    1047.7730
      23    1084.9375
      24    1114.2811
      25    1035.2761
      26    1108.0099
      27    1112.7166
      28    1025.6380
      29    1107.8416
      30    1148.7281
      31    1096.8737
      32    1116.7527
      33    1025.9610
      34    1018.3594
      35    1140.4453
      36    1052.8236
      37    1107.9328
      38    1108.8111
      39    1036.1276
      40    1117.9849
      41    1111.2792
      42    1113.0877
      43    1116.4150
      44    1021.8483
      45    1105.9228
      46    1108.3827
      47    1026.7776
      48    1028.4274
      49    1040.5620
      50    1025.8604
