#Frame       SA_00001
       1    6124.7105
       2    6155.7538
       3    6096.4697
       4    6128.9772
       5    6129.8655
       6    6046.9358
       7    6118.5755
       8    6169.6393
       9    6069.5620
      10    6070.1657
      11    6130.8605
      12    6123.0620
      13    6039.6965
      14    6283.0649
      15    6035.4929
      16    6120.8870
      17    6190.3405
      18    6148.4037
      19    6181.4545
      20    6135.3951
      21    6160.5199
      22    6086.6242
      23    6174.0402
      24    6191.6114
      25    6130.1945
      26    6147.2921
      27    6141.1424
      28    6110.9981
      29    6129.4936
      30    6172.2602
      31    6097.6607
      32    6111.0761
      33    6112.4561
      34    6144.8695
      35    6093.9817
      36    6024.9320
      37    6158.7765
      38    6173.0583
      39    6197.4000
      40    6106.3830
      41    6268.5660
      42    6161.7773
      43    6177.1593
      44    6110.5651
      45    6144.6382
      46    6137.3267
      47    6080.8292
      48    6027.6611
      49    6218.6960
      50    6127.2601
