#Frame       SA_00001
       1    5915.8143
       2    5920.2459
       3    5903.8958
       4    5897.0813
       5    5937.3560
       6    5939.2636
       7    5932.3063
       8    5958.6519
       9    5880.5671
      10    5969.6094
      11    5920.8175
      12    5965.5891
      13    5929.8200
      14    6049.6859
      15    5928.6342
      16    5894.5906
      17    5948.2294
      18    5947.7746
      19    5986.4646
      20    5949.5271
      21    5950.5221
      22    5910.6269
      23    5963.8745
      24    5959.0841
      25    5914.0074
      26    5941.8685
      27    5939.0973
      28    5917.4938
      29    5943.6564
      30    5947.1910
      31    5957.7672
      32    5923.3416
      33    5918.9347
      34    5950.9826
      35    5897.1848
      36    5893.2501
      37    5955.4053
      38    5970.6195
      39    5969.0800
      40    5941.4225
      41    6029.9423
      42    5956.3952
      43    5983.5453
      44    5975.2805
      45    5978.6938
      46    5931.6295
      47    5890.7599
      48    5933.4200
      49    5972.2301
      50    5930.2432
