#Frame       SA_00001
       1     940.4947
       2     934.8999
       3     936.1131
       4     951.6560
       5     965.1592
       6     949.2136
       7     943.9472
       8     945.9086
       9     961.8873
      10     906.7070
      11     959.3807
      12     951.4069
      13     938.9771
      14     950.0737
      15     940.8960
      16     964.0132
      17     941.2045
      18     957.8654
      19     905.9544
      20     964.6459
      21     941.5917
      22     938.5021
      23     944.8500
      24     947.6932
      25     954.5571
      26     914.0855
      27     939.7356
      28     941.0611
      29     921.8370
      30     940.9278
      31     948.0938
      32     956.7387
      33     915.1733
      34     939.4868
      35     940.1212
      36     943.8612
      37     960.4244
      38     950.3296
      39     935.8364
      40     955.1302
      41     945.7904
      42     964.4036
      43     939.4733
      44     958.3892
      45     950.3146
      46     952.5195
      47     918.3872
      48     946.1679
      49     966.9645
      50     960.4527
