#Frame       SA_00001
       1    6060.2427
       2    5995.1795
       3    6060.9489
       4    5979.6576
       5    6002.9486
       6    6024.3746
       7    5951.9941
       8    5923.8780
       9    5983.7084
      10    5993.4611
      11    5987.5084
      12    6021.2423
      13    6013.2070
      14    6023.2226
      15    5938.9138
      16    6004.2939
      17    6047.4141
      18    5920.3370
      19    5965.0695
      20    5983.9483
      21    6018.9702
      22    6010.3432
      23    5985.8374
      24    5983.7897
      25    6023.5084
      26    5979.5335
      27    6060.7395
      28    5972.7570
      29    5963.6555
      30    6037.3317
      31    5979.0542
      32    6033.9051
      33    6007.1449
      34    6113.1360
      35    5970.6958
      36    5958.7940
      37    5864.7282
      38    6004.7025
      39    6039.9113
      40    5994.0695
      41    5897.1473
      42    6052.2340
      43    6024.2524
      44    5931.1951
      45    5933.8082
      46    6056.6657
      47    5997.4486
      48    6028.9110
      49    6005.2448
      50    5985.2397
