#Frame       SA_00001
       1    6086.9004
       2    5994.3894
       3    6102.7519
       4    6011.2749
       5    6040.8205
       6    6048.2035
       7    5981.4806
       8    5917.1036
       9    5964.8019
      10    6018.0577
      11    6040.5058
      12    6018.9280
      13    6016.1954
      14    6018.7192
      15    5987.5140
      16    6042.5483
      17    6011.3562
      18    5956.4522
      19    5999.3527
      20    6052.1816
      21    6045.1450
      22    6059.7949
      23    6039.9953
      24    6040.9909
      25    5996.6431
      26    6041.6706
      27    6038.8325
      28    5943.1210
      29    5948.4670
      30    6019.2004
      31    6021.8735
      32    6013.5819
      33    5980.7706
      34    6080.8185
      35    5952.1555
      36    5998.3228
      37    5902.3790
      38    5992.8312
      39    6020.8709
      40    6012.4369
      41    5925.3739
      42    6065.8956
      43    5998.0990
      44    5956.6148
      45    5982.7432
      46    6043.9272
      47    6043.8341
      48    6064.6185
      49    5976.0642
      50    5991.2754
