Cpptraj Generated trajectory                                                    
  -5.299  46.735  20.158  -5.547  47.711  20.243  -4.387  46.612  20.572  -5.965
  46.196  20.692  -5.295  46.328  18.725  -4.571  46.957  18.203  -4.878  44.850
  18.506  -5.476  44.209  19.158  -5.104  44.563  17.476  -3.388  44.546  18.765
  -3.093  44.940  19.738  -3.260  43.462  18.790  -2.459  45.108  17.676  -2.702
  44.628  16.726  -2.616  46.184  17.579  -1.042  44.859  17.994  -0.835  44.337
  18.832   0.006  45.270  17.305  -0.094  45.936  16.194  -1.009  46.140  15.798
   0.749  46.214  15.696   1.200  45.009  17.744   1.324  44.501  18.604   2.014
  45.343  17.232  -6.639  46.665  18.069  -6.743  47.721  17.443  -7.672  45.822
  18.212  -7.548  44.975  18.752  -9.023  46.052  17.667  -9.231  47.124  17.676
  -9.091  45.568  16.203 -10.029  45.908  15.763  -8.279  46.030  15.640  -9.013
  44.041  16.045  -8.109  43.671  16.529  -9.871  43.594  16.547  -9.025  43.458
  14.327  -7.335  43.893  13.824  -6.617  43.398  14.478  -7.163  43.566  12.798
  -7.193  44.972  13.879 -10.106  45.364  18.518  -9.807  44.441  19.282 -11.366
  45.780  18.357 -11.540  46.527  17.699 -12.534  45.089  18.922 -12.230  44.633
  19.861 -13.657  46.101  19.228 -13.958  46.574  18.291 -14.521  45.555  19.611
 -13.294  47.206  20.239 -12.440  47.775  19.872 -14.475  48.166  20.393 -15.344
  47.633  20.778 -14.210  48.969  21.081 -14.720  48.603  19.425 -12.957  46.645
  21.623 -12.049  46.046  21.573 -12.784  47.466  22.319 -13.780  46.032  21.990
 -13.034  43.968  17.978 -12.876  44.098  16.758 -13.658  42.886  18.492 -13.750
  42.512  19.899 -14.635  42.972  20.342 -12.858  42.786  20.463 -13.891  40.993
  19.905 -14.412  40.637  20.795 -12.906  40.531  19.824 -14.692  40.730  18.634
 -15.752  40.875  18.845 -14.509  39.728  18.246 -14.205  41.809  17.661 -13.390
  41.396  17.066 -15.329  42.246  16.705 -16.005  43.257  16.921 -15.551  41.440
  15.662 -14.955  40.618  15.593 -16.552  41.605  14.595 -17.160  42.488  14.798
 -15.788  41.820  13.275 -15.180  42.721  13.380 -15.114  40.976  13.116 -16.683
  41.977  12.034 -17.139  41.017  11.785 -17.475  42.694  12.253 -15.892  42.494
  10.821 -16.583  42.639   9.989 -15.477  43.473  11.069 -14.787  41.593  10.425
 -13.924  41.662  10.944 -14.756  40.749   9.409 -15.765  40.552   8.613 -16.628
  41.041   8.768 -15.661  39.910   7.838 -13.676  40.076   9.160 -12.855  40.214
   9.748 -13.649  39.450   8.374 -17.486  40.390  14.556 -17.033  39.267  14.766
 -18.780  40.603  14.307 -19.078  41.547  14.117 -19.804  39.547  14.303 -19.382
  38.657  14.771 -20.999  40.001  15.166 -20.639  40.267  16.161 -21.421  40.900
  14.715 -22.130  38.962  15.314 -22.492  38.669  14.329 -21.679  37.709  16.071
 -21.285  37.983  17.049 -22.525  37.035  16.200 -20.913  37.185  15.506 -23.296
  39.579  16.085 -23.663  40.458  15.554 -24.110  38.858  16.164 -22.974  39.871
  17.085 -20.217  39.150  12.877 -20.532  40.009  12.050 -20.264  37.843  12.620
 -19.954  37.207  13.348 -20.640  37.223  11.349 -21.003  37.986  10.658 -19.389
  36.566  10.740 -18.997  35.825  11.439 -19.653  36.064   9.809 -18.104  37.809
  10.403 -17.187  36.968   9.910 -21.767  36.192  11.552 -21.817  35.516  12.581
 -22.645  36.029  10.558 -22.567  36.618   9.741 -23.705  35.013  10.547 -23.481
  34.251  11.294 -25.035  35.672  10.936 -24.923  36.186  11.892 -25.316  36.403
  10.175 -26.336  34.410  11.079 -27.351  35.243  11.298 -23.768  34.313   9.179
 -23.792  34.977   8.138 -23.753  32.978   9.184 -23.777  32.510  10.086 -23.652
  32.115   8.003 -23.639  32.720   7.094 -22.361  31.270   8.061 -22.409  30.638
   8.947 -22.392  30.611   7.195 -20.983  31.961   8.043 -20.918  32.618   7.181
 -20.632  32.750   9.309 -20.821  32.145  10.196 -19.586  33.046   9.282 -21.217
  33.661   9.354 -19.920  30.868   7.900 -20.046  30.361   6.945 -18.924  31.304
   7.928 -20.011  30.146   8.712 -24.859  31.165   7.948 -25.218  30.585   8.970
 -25.430  30.924   6.764 -25.095  31.428   5.956 -26.499  29.932   6.544 -26.713
  29.433   7.488 -27.798  30.638   6.127 -28.030  31.400   6.875 -27.650  31.127
   5.163 -28.984  29.663   6.037 -28.813  28.965   5.216 -29.028  29.088   6.966
 -30.333  30.371   5.817 -30.383  31.463   5.204 -31.379  29.824   6.239 -26.060
  28.839   5.550 -25.436  29.130   4.529 -26.350  27.573   5.872 -26.910  27.420
   6.705 -25.762  26.380   5.244 -24.676  26.485   5.273 -26.144  25.154   6.095
 -25.875  25.354   7.132 -27.225  25.007   6.047 -25.439  23.860   5.666 -25.740
  23.603   4.651 -24.359  24.013   5.694 -25.812  22.702   6.604 -25.494  22.943
   7.621 -26.896  22.569   6.594 -25.135  21.401   6.150 -25.431  21.191   5.117
 -24.050  21.539   6.168 -25.508  20.255   7.017 -26.503  20.090   7.003 -25.058
  19.406   6.706 -25.231  20.410   7.975 -26.171  26.218   3.774 -27.357  26.290
   3.442 -25.190  25.957   2.911 -24.251  25.882   3.288 -25.368  25.595   1.500
 -26.377  25.841   1.167 -24.668  26.177   0.900 -25.116  24.101   1.227 -24.794
  23.346   2.151 -25.204  23.650  -0.040 -25.535  24.445  -1.215 -24.989  25.389
  -1.237 -26.610  24.632  -1.235 -25.140  23.587  -2.416 -24.086  23.746  -2.652
 -25.764  23.796  -3.286 -25.345  22.164  -1.897 -24.744  21.442  -2.451 -26.403
  21.905  -1.965 -24.937  22.255  -0.421 -25.572  21.588   0.163 -23.472  21.828
  -0.202 -23.179  20.633  -0.137 -22.558  22.794  -0.047 -22.871  23.750  -0.144
 -21.140  22.616   0.282 -20.889  21.561   0.156 -20.291  23.408  -0.737 -19.237
  23.201  -0.551 -20.517  23.055  -1.743 -20.496  24.919  -0.712 -21.465  25.451
  -0.185 -19.598  25.665  -1.309 -19.743  26.661  -1.332 -18.801  25.240  -1.760
 -20.804  22.946   1.759 -19.642  23.202   2.084 -21.797  22.955   2.660 -22.741
  22.783   2.336 -21.619  23.271   4.084 -22.434  22.831   4.657 -20.687  22.832
   4.443 -21.604  24.778   4.355 -22.531  25.485   3.953 -20.565  25.271   5.035
 -19.832  24.629   5.327 -20.324  26.708   5.244 -21.174  27.269   4.858 -20.236
  27.010   6.747 -19.437  26.409   7.180 -19.950  28.054   6.866 -21.526  26.794
   7.528 -22.625  27.648   7.307 -22.558  28.428   6.564 -23.808  27.492   8.053
 -24.636  28.164   7.909 -23.912  26.465   9.012 -25.068  26.295   9.704 -25.826
  26.660   9.224 -22.816  25.608   9.237 -22.896  24.825   9.979 -21.628  25.775
   8.498 -20.798  25.113   8.683 -19.104  27.235   4.461 -18.976  28.447   4.281
 -18.249  26.344   3.944 -18.356  25.373   4.225 -17.232  26.647   2.928 -16.814
  25.703   2.578 -17.691  27.128   2.072 -16.066  27.498   3.432 -15.677  28.489
   2.806 -15.511  27.097   4.572 -15.905  26.281   5.020 -14.233  27.566   5.102
 -13.603  27.872   4.267 -14.440  28.788   6.010 -13.460  29.213   6.225 -14.988
  29.544   5.451 -15.147  28.552   7.334 -14.415  28.590   8.537 -13.343  28.726
   8.517 -15.077  28.477   9.771 -14.515  28.530  10.690 -16.472  28.313   9.810
 -16.982  28.234  10.759 -17.204  28.255   8.613 -18.277  28.132   8.646 -16.543
  28.371   7.377 -17.113  28.338   6.460 -13.501  26.423   5.820 -14.070  25.357
   6.052 -12.229  26.634   6.146 -11.830  27.540   5.918 -11.361  25.669   6.825
 -11.919  24.756   7.033 -10.160  25.306   5.937  -9.636  26.223   5.678  -9.481
  24.685   6.522 -10.472  24.570   4.653  -9.916  23.340   4.284 -10.413  23.061
   3.065 -10.194  22.165   2.494 -11.219  24.052   2.650 -11.734  24.067   1.764
 -11.252  25.020   3.627 -11.783  25.960   3.585 -10.884  26.237   8.162 -10.561
  27.420   8.243 -10.792  25.394   9.187 -11.058  24.429   9.020 -10.300  25.722
  10.530 -10.206  26.802  10.629 -11.316  25.216  11.571 -11.547  24.177  11.334
 -10.857  25.230  12.560 -12.627  26.020  11.626 -12.974  26.246  10.618 -13.703
  25.192  12.324 -13.390  24.946  13.338 -14.634  25.754  12.349 -13.872  24.272
  11.767 -12.449  27.326  12.404 -11.783  27.991  11.856 -13.410  27.820  12.535
 -12.023  27.124  13.386  -8.915  25.105  10.783  -8.650  23.991  10.322  -8.066
  25.795  11.552  -8.350  26.723  11.860  -6.762  25.307  12.032  -6.838  24.230
  12.185  -5.683  25.553  10.958  -4.814  24.945  11.213  -6.047  25.192   9.997
  -5.214  26.983  10.792  -6.018  28.089  10.506  -5.187  29.135  10.376  -5.498
  30.150  10.158  -3.914  28.744  10.550  -3.103  29.351  10.502  -3.911  27.390
  10.803  -3.047  26.765  10.986  -6.354  25.924  13.388  -6.995  26.853  13.890
  -5.281  25.394  13.987  -4.804  24.646  13.507  -4.637  25.927  15.198  -5.342
  26.537  15.763  -4.341  25.095  15.836  -3.387  26.777  14.910  -3.021  27.003
  13.757  -2.705  27.234  15.963  -3.037  27.010  16.891  -1.422  27.952  15.868
  -0.925  27.646  14.945  -1.679  29.470  15.770  -2.322  29.653  14.908  -2.205
  29.808  16.663  -0.386  30.287  15.608   0.186  30.247  16.537   0.223  29.828
  14.825  -0.652  31.751  15.226  -1.212  32.012  14.137  -0.248  32.662  15.984
  -0.479  27.581  17.031  -0.927  27.342  18.158   0.835  27.526  16.761   1.133
  27.770  15.826   1.873  27.070  17.704   1.669  26.025  17.949   3.245  27.135
  17.004   3.190  26.575  16.068   3.482  28.174  16.767   4.380  26.542  17.857
   4.474  27.106  18.786   4.145  25.503  18.097   5.719  26.596  17.107   5.639
  26.018  16.184   5.950  27.633  16.858   6.840  26.017  17.980   6.891  26.587
  18.912   6.592  24.982  18.232   8.153  26.065  17.290   8.414  27.012  17.063
   8.880  25.682  17.875   8.138  25.532  16.435   1.858  27.872  19.015   2.055
  29.088  19.015   1.636  27.178  20.133   1.481  26.185  20.044   1.616  27.751
  21.486   1.666  26.935  22.206   2.503  28.371  21.622   0.387  28.604  21.839
   0.381  29.227  22.904  -0.647  28.659  20.983  -0.594  28.102  20.137  -1.877
  29.450  21.202  -1.674  30.211  21.958  -2.291  30.168  19.901  -2.630  29.419
  19.184  -3.137  30.822  20.117  -1.190  31.007  19.223  -0.393  30.344  18.888
  -1.623  31.476  18.340  -0.586  32.109  20.109  -1.379  32.784  20.439  -0.107
  31.662  20.982   0.462  32.893  19.305   1.248  32.203  18.983  -0.012  33.299
  18.406   1.056  33.996  20.100   1.521  33.649  20.925   1.741  34.501  19.558
   0.356  34.660  20.393  -3.025  28.588  21.749  -3.085  27.386  21.478  -3.948
  29.207  22.494  -3.812  30.187  22.695  -5.129  28.534  23.070  -4.921  27.466
  23.149  -5.388  29.058  24.499  -5.654  30.115  24.439  -6.248  28.525  24.903
  -4.223  28.901  25.497  -3.358  29.462  25.143  -4.637  29.466  26.856  -5.480
  28.903  27.256  -3.799  29.401  27.551  -4.918  30.514  26.748  -3.815  27.440
  25.699  -3.412  27.033  24.772  -3.041  27.377  26.463  -4.677  26.850  26.010
  -6.397  28.647  22.197  -7.257  27.768  22.266  -6.509  29.697  21.372  -5.761
  30.371  21.373  -7.627  29.926  20.443  -8.552  29.566  20.895  -7.740  30.997
  20.274  -7.459  29.242  19.077  -6.381  28.738  18.748  -8.528  29.247  18.272
  -9.353  29.738  18.584  -8.592  28.613  16.943  -7.635  28.133  16.735  -9.670
  27.510  16.918 -10.653  27.984  16.902  -9.563  26.943  15.993  -9.638  26.524
  18.106  -9.940  27.053  19.010 -10.379  25.745  17.934  -8.287  25.850  18.358
  -7.482  25.612  17.467  -7.995  25.493  19.589  -7.081  25.114  19.768  -8.646
  25.699  20.345  -8.812  29.648  15.822  -9.358  30.731  16.057  -8.385  29.315
  14.601  -7.987  28.390  14.463  -8.263  30.239  13.466  -8.793  31.163  13.692
  -6.776  30.580  13.261  -6.232  29.657  13.056  -6.679  31.216  12.381  -6.104
  31.282  14.428  -5.577  30.533  15.500  -5.650  29.455  15.488  -4.972  31.184
  16.593  -4.593  30.603  17.420  -4.865  32.592  16.599  -4.297  33.240  17.650
  -3.977  32.629  18.321  -5.360  33.338  15.509  -5.254  34.413  15.511  -5.991
  32.686  14.433  -6.388  33.263  13.608  -8.866  29.666  12.170  -9.130  28.466
  12.071  -9.078  30.529  11.169  -8.888  31.510  11.355  -9.515  30.165   9.811
 -10.000  29.191   9.858 -10.565  31.169   9.274 -10.136  32.172   9.313 -10.932
  30.871   7.806 -11.377  29.881   7.716 -11.635  31.617   7.441 -10.054  30.932
   7.166 -11.817  31.138  10.182 -12.175  30.112  10.271 -11.526  31.481  11.174
 -12.987  32.018   9.726 -13.442  31.606   8.826 -13.743  32.049  10.511 -12.639
  33.032   9.530  -8.301  30.033   8.877  -7.518  30.973   8.726  -8.173  28.886
   8.201  -8.881  28.180   8.378  -7.068  28.557   7.280  -6.157  29.036   7.641
  -6.859  27.032   7.292  -6.883  26.668   8.318  -7.681  26.561   6.758  -5.523
  26.611   6.657  -5.407  27.074   5.678  -4.709  26.956   7.297  -5.414  25.087
   6.496  -4.389  24.835   6.218  -5.614  24.616   7.460  -6.349  24.559   5.476
  -7.187  24.104   5.800  -6.171  24.548   4.164  -5.099  25.018   3.594  -4.355
  25.387   4.159  -4.999  24.972   2.594  -7.081  24.055   3.381  -7.949  23.692
   3.755  -6.915  24.021   2.390  -7.311  29.060   5.856  -6.380  29.515   5.192
  -8.555  28.946   5.392  -9.255  28.605   6.036  -8.998  29.223   4.023  -8.475
  30.104   3.648  -8.643  28.001   3.143  -7.563  27.847   3.176  -9.112  27.121
   3.582  -9.079  28.071   1.666 -10.158  28.208   1.606  -8.383  29.205   0.910
  -7.301  29.079   0.960  -8.695  29.192  -0.134  -8.651  30.171   1.333  -8.735
  26.758   0.965  -9.237  25.931   1.467  -9.075  26.793  -0.070  -7.658  26.591
   0.985 -10.509  29.503   4.014 -11.242  28.918   4.810 -10.981  30.343   3.092
 -10.325  30.782   2.461 -12.411  30.541   2.797 -12.996  29.794   3.331 -12.900
  31.925   3.267 -12.349  32.704   2.740 -14.393  32.105   2.990 -14.955  31.309
   3.471 -14.726  33.070   3.371 -14.581  32.075   1.919 -12.684  32.107   4.775
 -11.620  32.100   5.005 -13.099  33.058   5.096 -13.176  31.308   5.323 -12.642
  30.321   1.301 -11.884  30.831   0.473 -13.649  29.522   0.947 -14.278  29.176
   1.664 -13.848  29.023  -0.422 -12.863  28.953  -0.879 -14.419  27.594  -0.384
 -15.418  27.607   0.055 -14.494  27.231  -1.410 -13.518  26.633   0.419 -12.479
  26.812   0.130 -13.611  26.855   1.485 -13.841  25.148   0.187 -14.982  24.797
  -0.191 -12.939  24.303   0.394 -14.709  29.968  -1.296 -15.585  30.658  -0.762
 -14.508  30.015  -2.632 -13.487  29.307  -3.399 -13.851  28.311  -3.657 -12.538
  29.235  -2.869 -13.281  30.128  -4.670 -12.939  29.510  -5.501 -12.576  30.938
  -4.475 -14.671  30.705  -4.923 -15.282  29.955  -5.429 -14.626  31.620  -5.513
 -15.201  30.967  -3.508 -14.900  31.973  -3.211 -16.732  30.865  -3.447 -17.311
  29.795  -3.659 -17.396  31.992  -3.179 -16.851  32.829  -2.985 -18.857  32.115
  -3.122 -19.108  33.174  -3.058 -19.283  31.719  -4.044 -19.532  31.407  -1.939
 -20.751  31.213  -1.975 -18.782  30.988  -0.914 -17.785  31.174  -0.920 -19.330
  30.255   0.234 -19.979  29.473  -0.156 -18.206  29.572   1.015 -18.660  28.865
   1.704 -17.562  29.025   0.326 -17.433  30.482   1.773 -16.672  29.977   2.107
 -20.155  31.135   1.187 -20.002  32.360   1.187 -20.980  30.537   2.070 -21.464
  29.162   2.023 -20.700  28.481   2.394 -21.766  28.877   1.015 -22.674  29.130
   2.952 -22.830  28.143   3.385 -23.561  29.458   2.409 -22.301  30.168   4.009
 -21.604  29.725   4.722 -23.177  30.563   4.524 -21.600  31.250   3.186 -22.346
  31.939   2.790 -20.602  32.039   4.045 -20.919  33.140   4.488 -19.385  31.523
   4.244 -19.178  30.600   3.880 -18.322  32.231   4.953 -18.726  32.617   5.889
 -17.231  31.215   5.294 -16.920  30.682   4.397 -16.371  31.718   5.734 -17.628
  30.496   6.006 -17.776  33.445   4.178 -17.551  34.494   4.785 -17.619  33.359
   2.852 -17.803  32.473   2.388 -17.225  34.517   2.034 -16.360  34.985   2.506
 -16.802  34.068   0.622 -16.040  33.297   0.713 -17.657  33.650   0.089 -16.219
  35.246  -0.176 -17.030  35.918  -0.469 -15.539  35.808   0.470 -15.454  34.791
  -1.426 -16.093  34.388  -2.425 -14.205  34.885  -1.447 -18.339  35.576   1.979
 -18.070  36.773   2.112 -19.601  35.139   1.870 -19.732  34.137   1.742 -20.802
  35.994   1.925 -20.701  36.797   1.194 -22.036  35.150   1.562 -22.049  34.248
   2.175 -22.939  35.723   1.778 -22.049  34.769   0.071 -22.194  35.673  -0.522
 -21.094  34.324  -0.211 -23.169  33.768  -0.242 -22.994  32.848   0.321 -24.130
  34.193   0.054 -23.182  33.460  -1.745 -23.378  34.387  -2.292 -22.192  33.100
  -2.040 -24.206  32.445  -2.094 -25.131  32.748  -1.827 -24.219  32.276  -3.088
 -24.019  31.563  -1.641 -20.977  36.675   3.289 -21.448  37.812   3.344 -20.544
  36.028   4.373 -20.272  35.059   4.264 -20.478  36.603   5.719 -21.360  37.230
   5.866 -20.552  35.456   6.732 -19.673  34.817   6.639 -20.599  35.861   7.741
 -21.451  34.866   6.552 -19.245  37.506   5.961 -19.167  38.160   7.003 -18.295
  37.574   5.020 -18.406  37.014   4.183 -17.114  38.444   5.098 -16.752  38.614
   4.085 -17.399  39.409   5.518 -15.942  37.884   5.917 -15.173  38.665   6.487
 -15.803  36.557   6.006 -16.478  35.973   5.522 -14.638  35.886   6.601 -14.259
  36.493   7.422 -15.056  34.517   7.172 -15.454  33.913   6.357 -14.169  34.010
   7.553 -16.103  34.584   8.301 -16.977  35.144   7.970 -16.557  33.174   8.667
 -15.707  32.568   8.975 -17.273  33.225   9.483 -17.035  32.713   7.807 -15.543
  35.235   9.566 -15.307  36.280   9.372 -16.279  35.189  10.369 -14.638  34.719
   9.881 -13.487  35.741   5.587 -13.721  35.627   4.381 -12.246  35.709   6.084
 -12.138  35.820   7.090 -11.008  35.524   5.310 -11.246  35.058   4.354 -10.346
  36.898   5.047 -10.191  37.386   6.010  -9.362  36.741   4.604 -11.123  37.864
   4.130 -12.134  38.010   4.510 -10.424  39.225   4.110  -9.410  39.121   3.724
 -10.982  39.916   3.478 -10.385  39.632   5.121 -11.192  37.358   2.687 -11.747
  36.423   2.645 -11.710  38.089   2.067 -10.188  37.202   2.293 -10.022  34.580
   6.034 -10.177  34.269   7.217  -8.979  34.134   5.327  -8.883  34.433   4.368
  -7.873  33.378   5.918  -8.285  32.510   6.436  -6.964  32.871   4.792  -6.537
  33.714   4.247  -6.151  32.279   5.216  -7.533  32.247   4.103  -7.086  34.218
   6.948  -6.840  35.411   6.743  -6.668  33.587   8.047  -6.910  32.606   8.153
  -5.938  34.209   9.159  -5.313  33.449   9.628  -5.281  34.988   8.770  -6.819
  34.831  10.253  -6.284  35.288  11.265  -8.147  34.839  10.095  -8.534  34.445
   9.249  -9.084  35.314  11.127  -8.758  36.302  11.456 -10.514  35.455  10.566
 -10.825  34.483  10.179 -11.179  35.700  11.398 -10.711  36.525   9.471  -9.815
  37.369   9.240 -11.808  36.556   8.864  -9.084  34.397  12.366  -9.009  33.172
  12.246  -9.199  34.994  13.557  -9.291  36.008  13.556  -9.263  34.323  14.867
  -8.842  33.319  14.790  -8.419  35.147  15.856  -7.412  35.247  15.452  -8.844
  36.149  15.929  -8.330  34.545  17.268  -9.325  34.507  17.713  -7.928  33.532
  17.209  -7.419  35.408  18.153  -6.413  35.405  17.727  -7.776  36.440  18.145
  -7.350  34.903  19.540  -6.651  34.203  19.736  -8.075  35.288  20.577  -8.996
  36.203  20.515  -9.156  36.703  19.663  -9.502  36.422  21.367  -7.892  34.762
  21.748  -7.167  34.083  21.902  -8.468  35.099  22.510 -10.713  34.207  15.333
 -11.435  35.200  15.278 -11.136  33.045  15.834 -10.482  32.271  15.882 -12.462
  32.870  16.445 -13.164  33.550  15.960 -12.992  31.436  16.236 -12.177  30.719
  16.342 -13.714  31.232  17.027 -13.720  31.213  14.896 -14.519  31.949  14.799
 -12.803  31.320  13.679 -11.952  30.648  13.789 -13.358  31.055  12.781 -12.446
  32.343  13.569 -14.352  29.822  14.876 -15.027  29.709  15.724 -14.923  29.689
  13.957 -13.573  29.062  14.928 -12.439  33.254  17.934 -11.522  32.892  18.674
 -13.485  33.964  18.363 -14.171  34.239  17.668 -13.706  34.449  19.737 -12.847
  34.186  20.354 -13.853  35.987  19.759 -14.766  36.265  19.232 -13.946  36.535
  21.188 -13.032  36.305  21.731 -14.082  37.617  21.164 -14.791  36.096  21.716
 -12.679  36.696  19.072 -12.663  36.458  18.009 -12.789  37.774  19.181 -11.740
  36.381  19.527 -14.934  33.781  20.359 -14.859  33.284  21.482 -16.047  33.702
  19.622 -16.032  34.076  18.680 -17.281  33.029  20.059 -17.022  32.318  20.840
 -18.318  34.018  20.635 -18.730  34.610  19.819 -19.136  33.436  21.060 -17.789
  34.969  21.722 -17.272  34.385  22.481 -17.066  35.650  21.274 -18.894  35.795
  22.404 -19.974  36.025  21.814 -18.680  36.254  23.549 -17.947  32.240  18.923
 -17.863  32.629  17.756 -18.675  31.177  19.279 -18.696  30.935  20.268 -19.579
  30.426  18.390 -19.639  30.933  17.427 -19.075  28.989  18.135 -19.054  28.446
  19.081 -20.009  28.245  17.170 -20.090  28.788  16.228 -19.619  27.249  16.976
 -21.002  28.135  17.607 -17.660  28.956  17.541 -16.956  29.431  18.223 -17.346
  27.924  17.384 -17.637  29.487  16.593 -20.978  30.412  19.012 -21.137  30.016
  20.166 -21.992  30.872  18.273 -21.783  31.156  17.320 -23.386  31.021  18.730
 -23.879  31.659  17.997 -24.111  29.660  18.673 -23.611  28.963  19.347 -25.139
  29.774  19.015 -24.168  29.062  17.276 -24.298  29.753  16.274 -24.082  27.758
  17.163 -24.145  27.350  16.246 -23.994  27.179  17.983 -23.562  31.788  20.068
 -24.559  31.607  20.772 -22.612  32.665  20.414 -21.844  32.796  19.773 -22.583
  33.434  21.668 -22.117  34.399  21.469 -23.602  33.622  22.004 -21.819  32.781
  22.832 -21.741  33.376  23.908 -21.240  31.590  22.650 -21.335  31.135  21.747
 -20.366  30.926  23.631 -20.545  31.343  24.622 -20.668  29.416  23.688 -20.441
  28.973  22.717 -20.004  28.954  24.419 -22.124  29.061  24.046 -22.783  29.428
  23.256 -22.214  27.973  24.058 -22.596  29.605  25.407 -21.772  29.795  26.332
 -23.820  29.811  25.586 -18.886  31.166  23.291 -18.475  30.968  22.147 -18.073
  31.586  24.267 -18.451  31.703  25.195 -16.657  31.911  24.053 -16.587  32.504
  23.144 -16.159  32.788  25.219 -16.828  33.643  25.332 -16.186  32.215  26.145
 -14.738  33.298  25.019 -13.779  32.539  25.029 -14.553  34.586  24.851 -13.606
  34.927  24.698 -15.337  35.217  24.838 -15.799  30.651  23.821 -15.933  29.654
  24.536 -14.899  30.716  22.832 -14.839  31.587  22.312 -14.041  29.599  22.389
 -14.201  28.764  23.069 -14.444  29.090  20.989 -13.817  28.230  20.762 -15.898
  28.605  20.952 -16.585  29.444  21.048 -16.091  28.091  20.012 -16.072  27.908
  21.771 -14.249  30.122  19.871 -13.222  30.486  19.868 -14.455  29.657  18.908
 -14.928  30.960  20.012 -12.534  29.891  22.474 -11.726  29.090  22.009 -12.119
  30.999  23.098 -12.817  31.603  23.524 -10.713  31.454  23.130 -10.351  31.515
  22.102 -10.632  32.861  23.742 -11.047  32.842  24.751  -9.583  33.149  23.816
 -11.356  33.924  22.907 -10.968  33.901  21.885 -12.424  33.704  22.866 -11.130
  35.312  23.514 -11.930  35.736  24.381 -10.137  35.981  23.139  -9.741  30.515
  23.876  -8.524  30.664  23.744 -10.264  29.546  24.643 -11.270  29.535  24.727
  -9.502  28.472  25.312  -8.491  28.473  24.906  -9.398  28.752  26.826 -10.399
  28.772  27.261  -8.839  27.940  27.295  -8.674  30.071  27.147  -7.701  30.075
  26.653  -9.262  30.911  26.776  -8.471  30.238  28.660  -9.444  30.230  29.155
  -7.873  29.406  29.038  -7.754  31.562  28.957  -6.788  31.565  28.443  -8.351
  32.385  28.552  -7.550  31.761  30.413  -6.987  31.025  30.811  -7.080  32.634
  30.595  -8.429  31.782  30.907 -10.037  27.060  25.009  -9.684  26.106  25.704
 -10.893  26.908  23.997 -11.061  27.705  23.394 -11.447  25.613  23.567 -11.381
  24.906  24.396 -12.940  25.749  23.222 -13.081  26.523  22.467 -13.274  24.800
  22.805 -13.785  26.070  24.471 -13.388  25.502  25.316 -13.680  27.131  24.710
 -15.277  25.717  24.318 -15.793  25.578  23.188 -15.981  25.576  25.346 -10.644
  24.984  22.415  -9.944  25.676  21.669 -10.718  23.657  22.278 -11.356  23.141
  22.877  -9.939  22.897  21.284  -8.930  23.308  21.268  -9.803  21.407  21.653
  -9.049  20.966  21.000  -9.363  21.173  23.098 -10.140  21.490  23.792  -9.158
  20.114  23.251  -8.451  21.736  23.297 -11.011  20.709  21.449 -10.863  19.808
  21.765 -10.503  23.031  19.866 -11.661  23.403  19.664  -9.697  22.666  18.863
  -8.742  22.415  19.078 -10.132  22.586  17.462 -10.405  23.579  17.102  -8.964
  22.064  16.615  -8.138  22.774  16.674  -8.617  21.111  17.019  -9.316  21.864
  15.164  -9.314  22.859  14.184  -9.713  22.252  13.054  -9.826  22.741  12.097
  -9.972  20.955  13.281 -10.327  20.297  12.587  -9.737  20.691  14.609  -9.871
  19.746  15.120 -11.376  21.702  17.299 -12.345  22.114  16.665 -11.394  20.523
  17.933 -10.585  20.251  18.471 -12.547  19.621  17.889 -12.818  19.481  16.842
 -12.153  18.249  18.465 -11.318  17.850  17.886 -11.817  18.382  19.495 -13.291
  17.212  18.463 -12.916  16.288  18.905 -14.113  17.559  19.088 -13.811  16.893
  17.062 -13.265  16.068  16.342 -14.878  17.519  16.617 -15.219  17.284  15.700
 -15.330  18.233  17.185 -13.779  20.211  18.594 -14.890  20.029  18.104 -13.612
  20.946  19.698 -12.676  21.088  20.060 -14.726  21.622  20.376 -15.523  20.897
  20.551 -14.259  22.159  21.738 -13.324  22.700  21.599 -15.005  22.854  22.127
 -14.065  21.031  22.768 -15.045  20.636  23.039 -13.498  20.215  22.321 -13.334
  21.462  24.043 -12.714  22.513  24.145 -13.371  20.653  25.080 -12.887  20.933
  25.921 -13.868  19.776  25.030 -15.328  22.736  19.503 -16.551  22.816  19.372
 -14.491  23.541  18.838 -13.493  23.432  19.003 -14.933  24.568  17.875 -15.664
  25.209  18.366 -13.743  25.449  17.442 -12.904  24.816  17.152 -14.068  26.381
  16.268 -14.925  27.010  16.512 -13.204  27.009  16.052 -14.289  25.799  15.376
 -13.316  26.340  18.613 -12.986  25.729  19.452 -12.496  26.989  18.314 -14.159
  26.953  18.923 -15.650  23.938  16.678 -16.756  24.364  16.337 -15.078  22.883
  16.086 -14.158  22.591  16.406 -15.716  22.113  15.006 -15.923  22.789  14.176
 -14.775  21.003  14.489 -14.341  20.480  15.340 -15.477  19.963  13.604 -15.972
  20.455  12.766 -14.746  19.251  13.223 -16.214  19.406  14.182 -13.645  21.611
  13.648 -13.119  22.377  14.216 -12.931  20.833  13.380 -14.050  22.056  12.740
 -17.068  21.552  15.454 -18.047  21.721  14.734 -17.169  20.961  16.649 -16.327
  20.821  17.198 -18.430  20.413  17.171 -18.835  19.723  16.430 -18.194  19.616
  18.458 -17.649  20.230  19.178 -19.158  19.341  18.890 -17.463  18.432  18.184
 -17.400  17.928  19.009 -19.498  21.487  17.410 -20.651  21.278  17.024 -19.145
  22.657  17.971 -18.180  22.775  18.275 -20.095  23.777  18.152 -20.967  23.415
  18.701 -19.459  24.929  18.950 -18.490  25.188  18.516 -20.113  25.799  18.863
 -19.293  24.630  20.447 -20.236  24.265  20.854 -18.532  23.864  20.589 -18.882
  25.913  21.187 -18.015  26.342  20.682 -19.693  26.643  21.136 -18.516  25.662
  22.592 -17.519  25.631  22.799 -19.308  25.502  23.635 -20.607  25.484  23.542
 -21.045  25.581  22.644 -21.166  25.332  24.364 -18.803  25.348  24.823 -17.794
  25.389  24.956 -19.408  25.226  25.617 -20.635  24.308  16.821 -21.803  24.691
  16.752 -19.815  24.308  15.768 -18.853  24.023  15.921 -20.206  24.760  14.422
 -20.866  25.623  14.524 -18.952  25.229  13.645 -18.212  24.426  13.666 -19.283
  25.540  12.174 -20.064  26.297  12.112 -18.395  25.902  11.660 -19.616  24.639
  11.658 -18.348  26.481  14.326 -19.013  27.330  14.174 -18.270  26.312  15.397
 -16.938  26.846  13.853 -16.945  27.151  12.809 -16.561  27.673  14.455 -16.281
  25.987  13.981 -21.018  23.678  13.688 -22.081  23.969  13.138 -20.574  22.414
  13.730 -19.689  22.249  14.202 -21.221  21.257  13.079 -21.398  21.508  12.032
 -20.243  20.067  13.135 -19.279  20.397  12.741 -20.101  19.763  14.174 -20.698
  18.852  12.311 -21.609  18.436  12.741 -20.897  19.167  11.285 -19.614  17.767
  12.303 -18.699  18.185  11.878 -19.414  17.461  13.332 -20.032  16.593  11.512
 -20.948  16.616  11.090 -19.326  15.497  11.290 -18.128  15.324  11.771 -17.710
  16.043  12.336 -17.624  14.473  11.577 -19.819  14.536  10.568 -20.743  14.622
  10.173 -19.277  13.703  10.401 -22.595  20.915  13.675 -23.442  20.366  12.971
 -22.846  21.283  14.934 -22.077  21.643  15.484 -24.149  21.143  15.589 -24.498
  20.119  15.440 -23.949  21.354  17.096 -23.571  22.360  17.287 -24.899  21.226
  17.615 -23.241  20.621  17.483 -25.252  22.076  15.031 -26.429  21.870  15.338
 -24.914  23.085  14.217 -23.939  23.222  13.979 -25.894  23.972  13.586 -26.612
  24.286  14.347 -25.175  25.228  13.081 -24.447  24.960  12.314 -25.899  25.915
  12.647 -24.663  25.723  13.907 -26.670  23.260  12.457 -26.069  22.663  11.559
 -28.008  23.343  12.483 -28.438  23.816  13.265 -28.883  22.683  11.497 -28.388
  21.780  11.138 -30.205  22.257  12.169 -30.719  23.151  12.525 -30.839  21.794
  11.410 -30.062  21.269  13.346 -29.460  21.721  14.133 -31.445  20.960  13.921
 -32.070  20.486  13.164 -31.346  20.291  14.776 -31.919  21.883  14.254 -29.418
  19.945  12.929 -28.386  20.112  12.625 -29.415  19.256  13.774 -29.974  19.500
  12.104 -29.148  23.538  10.242 -29.329  22.983   9.157 -29.142  24.871  10.374
 -28.979  25.240  11.298 -29.292  25.822   9.262 -29.084  25.311   8.319 -30.741
  26.347   9.202 -31.035  26.747  10.173 -30.795  27.162   8.478 -31.741  25.291
   8.758 -31.689  24.780   7.648 -32.698  24.942   9.588 -33.367  24.252   9.281
 -32.770  25.371  10.498 -28.272  26.970   9.347 -27.424  27.099   8.461 -28.299
  27.779  10.410 -28.994  27.624  11.126 -27.440  28.958  10.552 -26.777  28.999
   9.694 -28.310  30.220  10.501 -28.991  30.242  11.354 -27.675  31.106  10.530
 -28.889  30.235   9.577 -26.530  28.918  11.794 -26.904  28.377  12.838 -25.344
  29.523  11.675 -25.141  29.979  10.789 -24.321  29.641  12.730 -24.784  29.388
  13.684 -23.168  28.634  12.506 -23.607  27.638  12.439 -22.370  28.876  11.218
 -21.822  29.816  11.276 -21.664  28.061  11.063 -23.049  28.908  10.368 -22.167
  28.619  13.668 -22.688  28.418  14.602 -21.434  27.830  13.507 -21.645  29.573
  13.744 -23.825  31.086  12.835 -23.590  31.748  11.820 -23.648  31.575  14.066
 -23.849  30.955  14.849 -23.060  32.889  14.372 -23.016  33.487  13.461 -23.925
  33.642  15.394 -24.078  33.002  16.261 -23.393  34.538  15.719 -25.286  34.067
  14.815 -25.114  34.791  14.018 -25.799  33.204  14.388 -26.195  34.709  15.874
 -25.665  35.531  16.357 -27.062  35.134  15.364 -26.675  33.719  16.863 -27.353
  33.047  16.537 -26.329  33.598  18.133 -25.496  34.406  18.724 -25.160  35.215
  18.232 -25.340  34.322  19.713 -26.819  32.630  18.847 -27.500  32.005  18.449
 -26.523  32.506  19.803 -21.626  32.720  14.866 -21.352  31.829  15.670 -20.725
  33.581  14.404 -21.049  34.308  13.774 -19.299  33.570  14.736 -19.125  32.929
  15.600 -18.484  33.025  13.541 -18.650  33.685  12.688 -17.424  33.075  13.794
 -18.819  31.585  13.107 -19.884  31.499  12.893 -18.053  31.224  11.835 -16.978
  31.287  12.008 -18.312  30.213  11.523 -18.331  31.910  11.039 -18.440  30.563
  14.174 -19.027  30.737  15.073 -18.657  29.561  13.811 -17.380  30.645  14.412
 -18.843  34.986  15.103 -19.003  35.909  14.304 -18.251  35.157  16.286 -18.115
  34.337  16.870 -17.539  36.385  16.654 -17.888  37.199  16.020 -17.837  36.756
  18.119 -18.902  36.638  18.320 -17.292  36.062  18.755 -17.415  38.192  18.483
 -16.449  38.412  18.034 -18.440  39.217  17.999 -19.398  39.051  18.492 -18.091
  40.224  18.222 -18.574  39.124  16.926 -17.290  38.351  19.997 -16.498  37.705
  20.367 -17.043  39.381  20.248 -18.231  38.082  20.477 -16.046  36.178  16.385
 -15.482  35.174  16.827 -15.414  37.098  15.658 -15.946  37.903  15.338 -14.054
  36.943  15.115 -13.556  36.159  15.680 -14.088  36.500  13.633 -13.060  36.424
  13.277 -14.725  35.116  13.459 -15.787  35.151  13.702 -14.607  34.786  12.427
 -14.229  34.401  14.112 -14.823  37.492  12.721 -14.387  38.486  12.815 -14.731
  37.172  11.685 -15.880  37.539  12.983 -13.197  38.204  15.274 -13.712  39.300
  15.493 -11.878  38.052  15.144 -11.537  37.106  14.993 -10.877  39.136  15.114
 -11.389  40.092  15.010 -10.082  39.172  16.440  -9.823  38.152  16.725  -8.784
  39.986  16.383  -8.991  41.002  16.054  -8.322  40.017  17.371  -8.077  39.519
  15.698 -10.939  39.785  17.555 -11.885  39.255  17.634 -10.416  39.709  18.509
 -11.136  40.835  17.339  -9.976  38.977  13.881  -9.568  37.864  13.541  -9.669
  40.087  13.204  -9.984  40.973  13.571  -8.848  40.111  11.983  -9.113  39.238
  11.387  -9.156  41.365  11.134  -8.788  42.239  11.669  -8.585  41.301  10.207
 -10.629  41.616  10.764 -11.490  40.709  10.842 -10.939  42.754  10.344  -7.333
  40.044  12.303  -6.906  40.552  13.347  -6.489  39.466  11.423  -6.849  38.782
  10.188  -7.522  39.380   9.573  -7.313  37.826  10.431  -5.538  38.539   9.440
  -5.308  39.402   8.813  -5.576  37.630   8.840  -4.513  38.433  10.569  -3.507
  38.681  10.226  -4.531  37.425  10.984  -5.037  39.426  11.613  -4.809  39.040
  12.608  -4.386  40.813  11.463  -4.790  41.627  10.629  -3.336  41.068  12.247
  -3.046  40.354  12.901  -2.516  42.288  12.202  -2.496  42.665  11.177  -3.153
  43.370  13.100  -4.160  43.569  12.732  -3.232  42.991  14.121  -2.360  44.688
  13.125  -1.393  44.514  13.601  -2.178  45.009  12.096  -3.095  45.811  13.873
  -4.271  46.104  13.560  -2.485  46.433  14.774  -1.064  41.982  12.618  -0.825
  41.138  13.487  -0.090  42.672  12.016  -0.344  43.360  11.319   1.337  42.600
  12.379   1.410  42.359  13.440   2.052  41.472  11.609   1.540  40.532  11.822
   2.100  41.667  10.091   2.649  42.574   9.840   2.594  40.813   9.628   1.088
  41.738   9.694   3.390  41.357  12.047   3.688  40.469  11.806   2.033  43.952
  12.178   1.596  44.774  11.368   3.125  44.181  12.912   3.432  43.439  13.525
   3.994  45.363  12.780   3.406  46.189  12.377   4.498  45.793  14.171   5.146
  45.007  14.565   5.099  46.697  14.064   3.379  46.078  15.182   2.291  46.574
  14.808   3.574  45.818  16.391   5.167  45.143  11.798   5.915  46.077  11.501
   5.338  43.922  11.280   4.672  43.204  11.539   6.356  43.569  10.279   7.269
  44.123  10.506   6.678  42.068  10.414   6.969  41.877  11.449   5.779  41.488
  10.198   7.816  41.595   9.495   7.469  41.608   8.461   8.648  42.300   9.584
   8.315  40.178   9.834   7.511  39.305  10.240   9.530  39.907   9.679   5.920
  43.957   8.849   4.731  43.921   8.519   6.872  44.319   7.979   7.834  44.326
   8.285   6.593  44.654   6.576   5.730  45.321   6.561   7.787  45.426   5.979
   7.975  46.313   6.588   8.676  44.794   6.028   7.589  45.866   4.516   8.486
  46.391   4.185   7.478  44.988   3.880   6.396  46.803   4.327   6.289  47.853
   4.947   5.446  46.470   3.481   4.679  47.112   3.347   5.496  45.595   2.952
   6.235  43.404   5.747   6.921  42.379   5.822   5.188  43.515   4.918   4.699
  44.398   4.907   4.728  42.492   3.961   5.177  41.534   4.222   3.190  42.341
   4.070   2.727  43.279   3.760   2.870  41.572   3.365   2.641  41.972   5.462
   2.900  42.749   6.181   1.118  41.873   5.392   0.824  41.090   4.693   0.720
  41.644   6.380   0.704  42.826   5.061   3.183  40.631   5.957   4.258  40.705
   6.111   2.717  40.376   6.908   2.972  39.850   5.228   5.202  42.784   2.529
   5.455  41.817   1.779   5.321  43.974   2.162
  -5.259  46.779  20.081  -5.505  47.755  20.160  -4.343  46.659  20.488  -5.920
  46.245  20.626  -5.269  46.358  18.652  -4.549  46.981  18.117  -4.858  44.876
  18.443  -5.459  44.242  19.098  -5.085  44.585  17.414  -3.370  44.565  18.704
  -3.074  44.958  19.678  -3.248  43.481  18.730  -2.434  45.120  17.617  -2.680
  44.644  16.667  -2.582  46.197  17.522  -1.021  44.857  17.938  -0.821  44.328
  18.773   0.034  45.264  17.257  -0.055  45.938  16.149  -0.966  46.152  15.749
   0.792  46.213  15.658   1.223  44.990  17.699   1.339  44.475  18.556   2.043
  45.321  17.194  -6.619  46.689  18.006  -6.730  47.738  17.370  -7.650  45.846
  18.168  -7.520  45.007  18.718  -9.007  46.067  17.633  -9.219  47.138  17.636
  -9.084  45.571  16.174 -10.029  45.901  15.740  -8.281  46.034  15.600  -8.997
  44.043  16.028  -8.087  43.683  16.508  -9.848  43.594  16.541  -9.017  43.444
  14.316  -7.333  43.884  13.798  -6.608  43.393  14.448  -7.167  43.555  12.772
  -7.194  44.964  13.849 -10.078  45.381  18.499  -9.768  44.464  19.266 -11.342
  45.789  18.347 -11.525  46.531  17.686 -12.502  45.093  18.922 -12.189  44.645
  19.863 -13.632  46.098  19.227 -13.942  46.560  18.288 -14.488  45.547  19.619
 -13.273  47.214  20.228 -12.427  47.788  19.850 -14.462  48.163  20.382 -15.324
  47.625  20.777 -14.201  48.974  21.063 -14.718  48.592  19.413 -12.921  46.667
  21.613 -12.008  46.076  21.561 -12.750  47.494  22.302 -13.736  46.048  21.990
 -12.998  43.963  17.988 -12.844  44.085  16.766 -13.616  42.882  18.511 -13.699
  42.517  19.921 -14.577  42.986  20.369 -12.801  42.787  20.475 -13.854  40.998
  19.937 -14.372  40.652  20.832 -12.873  40.527  19.852 -14.665  40.735  18.672
 -15.723  40.891  18.889 -14.495  39.728  18.289 -14.171  41.803  17.690 -13.361
  41.379  17.097 -15.292  42.244  16.733 -15.975  43.249  16.958 -15.505  41.449
  15.681 -14.908  40.627  15.607 -16.502  41.624  14.611 -17.104  42.511  14.814
 -15.734  41.836  13.293 -15.119  42.732  13.400 -15.068  40.986  13.132 -16.629
  42.002  12.053 -17.095  41.047  11.804 -17.414  42.727  12.274 -15.836  42.512
  10.839 -16.528  42.669  10.010 -15.407  43.485  11.088 -14.745  41.598  10.437
 -13.880  41.650  10.956 -14.725  40.762   9.414 -15.736  40.585   8.616 -16.593
  41.083   8.775 -15.639  39.947   7.837 -13.655  40.075   9.160 -12.833  40.198
   9.749 -13.636  39.457   8.367 -17.443  40.416  14.568 -16.996  39.287  14.758
 -18.738  40.642  14.334 -19.033  41.590  14.162 -19.765  39.590  14.315 -19.344
  38.690  14.764 -20.957  40.028  15.191 -20.593  40.273  16.189 -21.379  40.937
  14.760 -22.088  38.986  15.319 -22.459  38.722  14.330 -21.632  37.712  16.035
 -21.221  37.957  17.014 -22.480  37.039  16.160 -20.879  37.198  15.444 -23.246
  39.584  16.118 -23.613  40.480  15.617 -24.061  38.863  16.181 -22.915  39.844
  17.124 -20.183  39.223  12.883 -20.513  40.099  12.079 -20.217  37.923  12.595
 -19.892  37.273  13.304 -20.614  37.331  11.318 -20.965  38.111  10.641 -19.381
  36.657  10.691 -18.997  35.900  11.378 -19.662  36.170   9.757 -18.079  37.882
  10.357 -17.178  37.030   9.855 -21.762  36.324  11.518 -21.816  35.632  12.536
 -22.658  36.201  10.534 -22.576  36.802   9.726 -23.739  35.209  10.521 -23.534
  34.439  11.265 -25.055  35.896  10.913 -24.931  36.401  11.873 -25.319  36.638
  10.157 -26.383  34.661  11.047 -27.379  35.514  11.274 -23.817  34.515   9.150
 -23.846  35.183   8.112 -23.804  33.180   9.151 -23.816  32.709  10.052 -23.708
  32.323   7.967 -23.682  32.930   7.060 -22.426  31.464   8.031 -22.478  30.849
   8.927 -22.470  30.790   7.176 -21.037  32.133   7.997 -20.957  32.756   7.111
 -20.684  32.968   9.232 -20.895  32.404  10.141 -19.632  33.244   9.204 -21.254
  33.890   9.230 -19.991  31.019   7.905 -20.120  30.474   6.971 -18.988  31.442
   7.920 -20.096  30.333   8.746 -24.927  31.389   7.904 -25.236  30.725   8.891
 -25.573  31.262   6.743 -25.273  31.828   5.963 -26.642  30.278   6.493 -26.999
  29.885   7.446 -27.837  30.973   5.822 -28.160  31.796   6.462 -27.519  31.383
   4.861 -29.027  30.025   5.603 -28.742  29.247   4.892 -29.261  29.544   6.556
 -30.284  30.743   5.079 -30.176  31.756   4.349 -31.413  30.286   5.376 -26.107
  29.088   5.676 -25.404  29.282   4.683 -26.411  27.852   6.093 -27.051  27.753
   6.877 -25.793  26.629   5.556 -24.711  26.772   5.567 -26.123  25.446   6.484
 -25.998  25.757   7.521 -27.165  25.153   6.344 -25.205  24.241   6.227 -25.303
  23.928   5.188 -24.171  24.536   6.412 -25.563  23.055   7.135 -25.445  23.348
   8.180 -26.604  22.775   6.958 -24.654  21.855   6.822 -24.745  21.616   5.757
 -23.614  22.136   7.018 -25.010  20.659   7.628 -25.964  20.374   7.465 -24.421
  19.875   7.385 -24.892  20.826   8.615 -26.211  26.360   4.103 -27.404  26.351
   3.787 -25.232  26.116   3.232 -24.284  26.097   3.592 -25.421  25.720   1.831
 -26.414  26.012   1.487 -24.689  26.248   1.220 -25.247  24.210   1.597 -24.936
  23.466   2.534 -25.386  23.731   0.345 -25.718  24.509  -0.842 -25.135  25.429
  -0.903 -26.785  24.740  -0.837 -25.392  23.606  -2.031 -24.341  23.719  -2.303
 -26.035  23.817  -2.886 -25.634  22.206  -1.468 -25.079  21.446  -2.020 -26.703
  21.985  -1.497 -25.179  22.319  -0.008 -25.815  21.687   0.613 -23.720  21.853
   0.177 -23.464  20.654   0.289 -22.772  22.794   0.250 -23.057  23.755   0.116
 -21.349  22.585   0.540 -21.131  21.520   0.436 -20.511  23.326  -0.525 -19.458
  23.087  -0.369 -20.782  22.960  -1.515 -20.666  24.843  -0.524 -21.627  25.413
  -0.025 -19.730  25.552  -1.109 -19.840  26.553  -1.145 -18.937  25.096  -1.536
 -20.957  22.946   1.996 -19.777  23.160   2.282 -21.924  23.027   2.922 -22.882
  22.883   2.630 -21.694  23.384   4.329 -22.502  22.981   4.938 -20.762  22.936
   4.674 -21.640  24.898   4.553 -22.550  25.617   4.136 -20.589  25.384   5.218
 -19.871  24.734   5.528 -20.327  26.818   5.416 -21.178  27.389   5.047 -20.206
  27.113   6.918 -19.411  26.498   7.336 -19.904  28.153   7.035 -21.488  26.914
   7.717 -21.595  25.894   8.686 -20.773  25.215   8.853 -22.773  25.753   9.450
 -22.848  24.977  10.200 -23.852  26.639   9.247 -24.992  26.531   9.975 -25.046
  25.691  10.464 -23.748  27.652   8.273 -24.575  28.328   8.132 -22.575  27.784
   7.507 -22.508  28.558   6.758 -19.115  27.328   4.610 -18.990  28.536   4.400
 -18.267  26.426   4.103 -18.370  25.463   4.410 -17.266  26.705   3.064 -16.861
  25.753   2.722 -17.738  27.175   2.209 -16.084  27.555   3.531 -15.684  28.519
   2.871 -15.524  27.180   4.677 -15.928  26.384   5.153 -14.230  27.635   5.180
 -13.611  27.929   4.333 -14.404  28.860   6.089 -13.415  29.267   6.295 -14.944
  29.626   5.534 -15.107  28.640   7.418 -14.364  28.655   8.615 -13.288  28.757
   8.586 -15.020  28.565   9.854 -14.451  28.600  10.769 -16.419  28.449   9.905
 -16.924  28.394  10.858 -17.162  28.409   8.714 -18.238  28.319   8.756 -16.507
  28.499   7.473 -17.084  28.479   6.560 -13.504  26.480   5.884 -14.097  25.435
   6.145 -12.214  26.647   6.161 -11.793  27.538   5.918 -11.365  25.655   6.828
 -11.948  24.760   7.042 -10.182  25.252   5.931  -9.636  26.155   5.663  -9.514
  24.621   6.518 -10.504  24.511   4.652  -9.840  23.358   4.217 -10.365  23.058
   3.014 -10.080  22.208   2.405 -11.290  23.968   2.668 -11.837  23.961   1.803
 -11.377  24.901   3.676 -11.999  25.783   3.678 -10.856  26.204   8.161 -10.550
  27.391   8.253 -10.712  25.344   9.169 -10.976  24.378   9.001 -10.187  25.678
  10.500 -10.034  26.753  10.564 -11.216  25.269  11.570 -11.532  24.245  11.364
 -10.733  25.270  12.548 -12.461  26.170  11.644 -12.876  26.319  10.648 -13.522
  25.497  12.512 -13.124  25.309  13.509 -14.401  26.136  12.580 -13.816  24.551
  12.059 -12.139  27.532  12.265 -11.522  28.109  11.580 -13.054  28.087  12.458
 -11.603  27.400  13.205  -8.824  25.016  10.768  -8.590  23.885  10.327  -7.957
  25.705  11.521  -8.223  26.647  11.801  -6.656  25.219  12.011  -6.733  24.143
  12.178  -5.574  25.455  10.936  -4.713  24.830  11.179  -5.947  25.113   9.971
  -5.088  26.882  10.791  -5.870  27.987  10.446  -5.035  29.036  10.380  -5.331
  30.049  10.133  -3.779  28.647  10.655  -2.966  29.255  10.661  -3.792  27.293
  10.910  -2.941  26.668  11.152  -6.251  25.863  13.359  -6.899  26.795  13.844
  -5.166  25.361  13.965  -4.687  24.603  13.504  -4.512  25.933  15.155  -5.178
  26.646  15.642  -4.306  25.138  15.871  -3.186  26.645  14.838  -2.594  26.429
  13.778  -2.703  27.485  15.760  -3.203  27.575  16.632  -1.470  28.282  15.610
  -0.960  27.968  14.697  -1.843  29.766  15.423  -2.482  29.847  14.543  -2.411
  30.104  16.289  -0.618  30.678  15.240  -0.058  30.723  16.176   0.036  30.238
  14.483  -0.995  32.099  14.795  -1.557  32.269  13.690  -0.674  33.069  15.519
  -0.478  28.047  16.768  -0.879  27.803  17.911   0.832  28.091  16.478   1.092
  28.331  15.530   1.922  27.720  17.402   1.840  26.651  17.608   3.271  27.957
  16.694   3.258  27.442  15.731   3.401  29.025  16.507   4.470  27.436  17.505
   4.529  27.970  18.455   4.333  26.372  17.706   5.784  27.639  16.738   5.736
  27.099  15.790   5.923  28.703  16.535   6.967  27.116  17.565   6.994  27.650
  18.519   6.808  26.055  17.777   8.256  27.297  16.853   8.436  28.270  16.661
   9.024  26.950  17.407   8.265  26.799  15.976   1.842  28.465  18.744   1.927
  29.693  18.796   1.684  27.706  19.832   1.633  26.706  19.706   1.611  28.217
  21.209   1.730  27.377  21.894   2.442  28.903  21.376   0.313  28.946  21.591
   0.239  29.493  22.695  -0.705  28.982  20.717  -0.595  28.494  19.835  -1.986
  29.679  20.949  -1.826  30.464  21.692  -2.473  30.347  19.646  -2.808  29.565
  18.961  -3.336  30.973  19.878  -1.432  31.206  18.902  -0.638  30.557  18.534
  -1.920  31.650  18.035  -0.806  32.335  19.735  -1.590  33.015  20.073  -0.293
  31.917  20.603   0.210  33.098  18.872   0.987  32.400  18.544  -0.297  33.477
  17.978   0.830  34.225  19.613   1.324  33.903  20.431   1.495  34.714  19.033
   0.139  34.896  19.910  -3.057  28.739  21.524  -3.045  27.539  21.243  -3.999
  29.287  22.301  -3.924  30.272  22.510  -5.113  28.527  22.904  -4.824  27.478
  22.978  -5.383  29.034  24.337  -5.721  30.070  24.281  -6.198  28.445  24.756
  -4.191  28.959  25.313  -3.371  29.571  24.938  -4.613  29.507  26.677  -5.412
  28.895  27.097  -3.759  29.498  27.355  -4.960  30.535  26.568  -3.687  27.528
  25.515  -3.277  27.141  24.583  -2.895  27.520  26.264  -4.503  26.886  25.848
  -6.405  28.542  22.058  -7.196  27.602  22.147  -6.612  29.580  21.237  -5.919
  30.309  21.225  -7.769  29.730  20.340  -8.648  29.279  20.802  -7.980  30.791
  20.203  -7.574  29.099  18.953  -6.468  28.686  18.592  -8.654  29.048  18.166
  -9.508  29.464  18.508  -8.687  28.467  16.813  -7.733  27.973  16.621  -9.783
  27.386  16.711 -10.759  27.874  16.709  -9.671  26.869  15.757  -9.775  26.337
  17.843 -10.087  26.819  18.770 -10.515  25.570  17.619  -8.427  25.649  18.075
  -7.639  25.407  17.171  -8.116  25.291  19.301  -7.202  24.904  19.463  -8.753
  25.501  20.068  -8.843  29.544  15.723  -9.409  30.616  15.964  -8.341  29.255
  14.520  -7.931  28.337  14.374  -8.198  30.204  13.409  -8.750  31.115  13.636
  -6.713  30.572  13.246  -6.142  29.659  13.073  -6.604  31.194  12.357  -6.098
  31.312  14.421  -5.633  30.601  15.546  -5.711  29.523  15.571  -5.084  31.290
  16.644  -4.756  30.738  17.512  -4.967  32.697  16.604  -4.453  33.382  17.661
  -4.192  32.799  18.379  -5.398  33.404  15.462  -5.286  34.477  15.430  -5.978
  32.714  14.381  -6.329  33.263  13.516  -8.757  29.639  12.092  -8.917  28.427
  11.943  -9.045  30.521  11.129  -8.927  31.507  11.346  -9.476  30.164   9.768
  -9.986  29.203   9.818 -10.496  31.189   9.215 -10.036  32.179   9.227 -10.875
  30.862   7.757 -11.347  29.882   7.696 -11.560  31.615   7.373  -9.998  30.880
   7.113 -11.746  31.221  10.127 -12.117  30.205  10.266 -11.445  31.606  11.101
 -12.909  32.091   9.637 -13.381  31.637   8.765 -13.654  32.174  10.428 -12.551
  33.087   9.381  -8.255  29.994   8.851  -7.450  30.915   8.697  -8.145  28.836
   8.191  -8.865  28.144   8.374  -7.048  28.483   7.270  -6.128  28.947   7.626
  -6.865  26.954   7.289  -6.908  26.592   8.317  -7.687  26.495   6.745  -5.527
  26.511   6.675  -5.376  26.992   5.709  -4.719  26.819   7.340  -5.456  24.989
   6.481  -4.429  24.713   6.235  -5.706  24.501   7.425  -6.367  24.515   5.413
  -7.235  24.088   5.692  -6.135  24.520   4.111  -5.027  24.966   3.592  -4.297
  25.306   4.193  -4.889  24.936   2.596  -7.028  24.066   3.285  -7.915  23.718
   3.623  -6.825  24.042   2.301  -7.287  28.982   5.843  -6.352  29.418   5.173
  -8.536  28.889   5.384  -9.239  28.565   6.033  -8.984  29.170   4.017  -8.444
  30.036   3.632  -8.664  27.934   3.142  -7.589  27.752   3.172  -9.155  27.069
   3.587  -9.103  28.005   1.665 -10.178  28.167   1.608  -8.381  29.117   0.900
  -7.303  28.964   0.948  -8.697  29.105  -0.143  -8.624  30.091   1.318  -8.794
  26.678   0.973  -9.316  25.869   1.483  -9.137  26.715  -0.062  -7.722  26.485
   0.991 -10.489  29.482   4.019 -11.223  28.934   4.839 -10.958  30.308   3.081
 -10.303  30.719   2.431 -12.389  30.511   2.792 -12.975  29.779   3.344 -12.869
  31.906   3.238 -12.328  32.672   2.683 -14.367  32.079   2.985 -14.921  31.299
   3.504 -14.693  33.056   3.342 -14.578  32.015   1.920 -12.626  32.124   4.737
 -11.558  32.127   4.947 -13.041  33.079   5.044 -13.104  31.334   5.312 -12.634
  30.262   1.303 -11.881  30.752   0.459 -13.650  29.463   0.973 -14.275  29.137
   1.703 -13.874  28.952  -0.387 -12.895  28.853  -0.852 -14.479  27.538  -0.327
 -15.473  27.582   0.121 -14.574  27.168  -1.349 -13.597  26.562   0.476 -12.556
  26.713   0.179 -13.677  26.794   1.541 -13.957  25.083   0.256 -15.107  24.758
  -0.119 -13.077  24.217   0.466 -14.722  29.907  -1.262 -15.585  30.612  -0.728
 -14.525  29.945  -2.599 -13.512  29.223  -3.365 -13.886  28.229  -3.614 -12.562
  29.148  -2.838 -13.305  30.034  -4.642 -12.972  29.407  -5.470 -12.591  30.838
  -4.456 -14.690  30.622  -4.893 -15.310  29.875  -5.392 -14.639  31.534  -5.489
 -15.212  30.897  -3.478 -14.902  31.902  -3.188 -16.744  30.808  -3.410 -17.332
  29.741  -3.610 -17.399  31.943  -3.151 -16.846  32.778  -2.967 -18.858  32.077
  -3.091 -19.101  33.138  -3.039 -19.291  31.673  -4.006 -19.535  31.388  -1.897
 -20.754  31.201  -1.927 -18.783  30.979  -0.868 -17.786  31.159  -0.880 -19.333
  30.274   0.297 -19.987  29.487  -0.075 -18.211  29.603   1.089 -18.666  28.922
   1.803 -17.578  29.028   0.412 -17.422  30.526   1.813 -16.657  30.026   2.145
 -20.150  31.179   1.232 -19.988  32.403   1.206 -20.978  30.605   2.129 -21.468
  29.233   2.116 -20.705  28.557   2.500 -21.775  28.925   1.116 -22.674  29.227
   3.051 -22.831  28.251   3.509 -23.563  29.544   2.504 -22.295  30.289   4.082
 -21.601  29.858   4.805 -23.167  30.702   4.588 -21.589  31.347   3.232 -22.331
  32.033   2.823 -20.580  32.144   4.068 -20.878  33.265   4.474 -19.373  31.613
   4.285 -19.183  30.675   3.951 -18.300  32.320   4.979 -18.696  32.724   5.910
 -17.218  31.298   5.329 -16.917  30.746   4.440 -16.348  31.798   5.754 -17.619
  30.597   6.056 -17.747  33.518   4.184 -17.520  34.576   4.772 -17.586  33.407
   2.860 -17.773  32.514   2.410 -17.179  34.548   2.024 -16.310  35.015   2.489
 -16.759  34.071   0.621 -16.003  33.295   0.725 -17.618  33.651   0.095 -16.167
  35.230  -0.198 -16.971  35.906  -0.498 -15.478  35.794   0.436 -15.413  34.746
  -1.444 -16.061  34.332  -2.432 -14.163  34.827  -1.473 -18.282  35.618   1.950
 -18.002  36.814   2.068 -19.548  35.192   1.842 -19.690  34.190   1.731 -20.740
  36.061   1.874 -20.628  36.848   1.127 -21.981  35.222   1.523 -22.004  34.331
   2.152 -22.880  35.807   1.727 -21.995  34.815   0.039 -22.135  35.710  -0.570
 -21.043  34.360  -0.233 -23.120  33.815  -0.256 -22.948  32.903   0.320 -24.079
  34.248   0.034 -23.138  33.483  -1.755 -23.336  34.402  -2.315 -22.149  33.119
  -2.047 -24.162  32.462  -2.085 -25.086  32.767  -1.818 -24.178  32.278  -3.076
 -23.972  31.588  -1.620 -20.914  36.772   3.223 -21.370  37.916   3.252 -20.499
  36.140   4.322 -20.238  35.166   4.233 -20.444  36.736   5.659 -21.315  37.382
   5.781 -20.558  35.607   6.689 -19.691  34.949   6.621 -20.613  36.031   7.691
 -21.466  35.033   6.504 -19.198  37.618   5.908 -19.123  38.286   6.941 -18.231
  37.653   4.982 -18.340  37.082   4.152 -17.035  38.502   5.067 -16.655  38.653
   4.057 -17.307  39.477   5.471 -15.886  37.930   5.910 -15.117  38.703   6.491
 -15.766  36.602   6.006 -16.441  36.025   5.513 -14.611  35.917   6.605 -14.224
  36.522   7.425 -15.046  34.555   7.180 -15.449  33.954   6.366 -14.164  34.039
   7.562 -16.092  34.635   8.308 -16.967  35.190   7.970 -16.544  33.229   8.696
 -15.693  32.631   9.018 -17.265  33.291   9.507 -17.016  32.752   7.841 -15.532
  35.303   9.564 -15.302  36.346   9.358 -16.264  35.261  10.370 -14.622  34.794
   9.880 -13.461  35.755   5.592 -13.697  35.634   4.387 -12.220  35.717   6.088
 -12.110  35.835   7.093 -10.983  35.516   5.315 -11.226  35.044   4.362 -10.311
  36.883   5.040 -10.152  37.377   5.999  -9.328  36.715   4.597 -11.082  37.847
   4.116 -12.091  38.004   4.495 -10.373  39.203   4.086  -9.360  39.090   3.700
 -10.926  39.893   3.449 -10.331  39.617   5.093 -11.155  37.331   2.676 -11.718
  36.400   2.642 -11.667  38.062   2.051 -10.152  37.164   2.284 -10.004  34.571
   6.045 -10.158  34.275   7.232  -8.968  34.106   5.340  -8.871  34.393   4.377
  -7.871  33.343   5.938  -8.294  32.486   6.466  -6.968  32.810   4.818  -6.525
  33.641   4.267  -6.168  32.207   5.249  -7.547  32.191   4.133  -7.075  34.184
   6.960  -6.825  35.374   6.750  -6.656  33.555   8.061  -6.894  32.573   8.166
  -5.929  34.180   9.172  -5.305  33.421   9.644  -5.272  34.959   8.783  -6.812
  34.804  10.264  -6.280  35.253  11.280  -8.140  34.820  10.100  -8.526  34.433
   9.251  -9.077  35.301  11.129  -8.743  36.283  11.465 -10.503  35.462  10.560
 -10.822  34.495  10.166 -11.169  35.710  11.389 -10.682  36.540   9.469  -9.774
  37.373   9.245 -11.776  36.589   8.859  -9.098  34.377  12.362  -9.053  33.151
  12.237  -9.197  34.971  13.556  -9.267  35.986  13.560  -9.276  34.295  14.863
  -8.838  33.297  14.792  -8.466  35.132  15.870  -7.456  35.257  15.484  -8.913
  36.124  15.939  -8.389  34.527  17.281  -9.390  34.463  17.709  -7.961  33.525
  17.225  -7.514  35.409  18.185  -6.506  35.448  17.766  -7.908  36.428  18.187
  -7.437  34.885  19.564  -6.746  34.175  19.744  -8.152  35.258  20.613  -9.062
  36.185  20.576  -9.217  36.709  19.738  -9.561  36.390  21.436  -7.967  34.705
  21.772  -7.251  34.013  21.907  -8.539  35.030  22.543 -10.733  34.159  15.301
 -11.459  35.150  15.255 -11.158  32.985  15.774 -10.503  32.210  15.813 -12.488
  32.799  16.372 -13.188  33.482  15.888 -13.015  31.366  16.143 -12.206  30.647
  16.277 -13.762  31.165  16.912 -13.701  31.143  14.781 -14.477  31.897  14.647
 -12.739  31.212  13.596 -11.908  30.523  13.746 -13.268  30.947  12.681 -12.356
  32.225  13.486 -14.368  29.767  14.757 -15.077  29.684  15.580 -14.908  29.635
  13.819 -13.612  28.989  14.849 -12.479  33.168  17.865 -11.564  32.800  18.606
 -13.528  33.871  18.297 -14.212  34.155  17.602 -13.740  34.360  19.671 -12.887
  34.079  20.288 -13.854  35.901  19.696 -14.764  36.199  19.175 -13.926  36.448
  21.126 -13.013  36.200  21.662 -14.042  37.532  21.104 -14.775  36.024  21.659
 -12.668  36.585  19.003 -12.663  36.350  17.940 -12.754  37.665  19.115 -11.734
  36.247  19.451 -14.980  33.717  20.297 -14.911  33.218  21.419 -16.097  33.660
  19.564 -16.079  34.036  18.623 -17.339  33.002  20.003 -17.085  32.277  20.772
 -18.354  34.001  20.601 -18.760  34.615  19.798 -19.181  33.426  21.020 -17.801
  34.921  21.701 -17.297  34.313  22.451 -17.062  35.592  21.263 -18.883  35.763
  22.399 -19.960  36.028  21.817 -18.654  36.200  23.551 -18.028  32.239  18.861
 -17.950  32.644  17.700 -18.766  31.179  19.208 -18.780  30.922  20.194 -19.682
  30.446  18.316 -19.737  30.960  17.357 -19.195  29.006  18.051 -19.161  28.461
  18.996 -20.148  28.266  17.101 -20.243  28.812  16.163 -19.764  27.269  16.896
 -21.132  28.158  17.556 -17.790  28.966  17.433 -17.071  29.436  18.103 -17.485
  27.932  17.269 -17.781  29.499  16.485 -21.079  30.447  18.941 -21.245  30.029
  20.086 -22.085  30.948  18.217 -21.872  31.250  17.270 -23.472  31.128  18.684
 -23.950  31.792  17.965 -24.236  29.789  18.608 -23.750  29.065  19.262 -25.256
  29.927  18.964 -24.328  29.220  17.201 -24.405  29.931  16.208 -24.336  27.915
  17.070 -24.441  27.531  16.148 -24.298  27.322  17.884 -23.620  31.876  20.036
 -24.620  31.712  20.741 -22.642  32.717  20.394 -21.874  32.836  19.752 -22.583
  33.459  21.663 -22.093  34.415  21.479 -23.595  33.667  22.011 -21.828  32.761
  22.807 -21.710  33.337  23.889 -21.298  31.552  22.599 -21.422  31.115  21.691
 -20.427  30.847  23.554 -20.601  31.233  24.559 -20.742  29.339  23.562 -20.514
  28.925  22.578 -20.085  28.848  24.280 -22.202  28.984  23.903 -22.855  29.377
  23.119 -22.299  27.896  23.884 -22.677  29.495  25.275 -21.857  29.646  26.211
 -23.899  29.712  25.452 -18.947  31.085  23.217 -18.540  30.918  22.066 -18.129
  31.473  24.201 -18.503  31.566  25.134 -16.712  31.799  23.992 -16.643  32.418
  23.101 -16.211  32.640  25.182 -16.881  33.489  25.326 -16.232  32.037  26.090
 -14.793  33.160  24.991 -13.831  32.404  24.975 -14.616  34.453  24.855 -13.671
  34.802  24.708 -15.403  35.079  24.861 -15.857  30.545  23.723 -15.993  29.529
  24.411 -14.958  30.634  22.735 -14.898  31.518  22.237 -14.103  29.527  22.262
 -14.260  28.678  22.923 -14.514  29.049  20.853 -13.884  28.198  20.604 -15.967
  28.558  20.815 -16.656  29.392  20.939 -16.165  28.070  19.862 -16.131  27.839
  21.615 -14.330  30.103  19.755 -13.307  30.478  19.758 -14.532  29.652  18.784
 -15.019  30.929  19.911 -12.596  29.816  22.343 -11.792  29.025  21.853 -12.175
  30.907  22.992 -12.871  31.499  23.439 -10.771  31.367  23.018 -10.426  31.467
  21.988 -10.689  32.753  23.678 -11.096  32.698  24.689  -9.640  33.042  23.754
 -11.423  33.842  22.886 -11.042  33.856  21.862 -12.490  33.619  22.844 -11.198
  35.210  23.539 -12.008  35.613  24.405 -10.196  35.884  23.199  -9.780  30.409
  23.714  -8.567  30.579  23.575 -10.281  29.402  24.445 -11.287  29.373  24.538
  -9.496  28.315  25.065  -8.493  28.336  24.640  -9.367  28.551  26.586 -10.360
  28.541  27.039  -8.786  27.734  27.019  -8.659  29.871  26.937  -7.697  29.909
  26.426  -9.269  30.713  26.605  -8.432  29.992  28.451  -9.395  29.949  28.963
  -7.812  29.159  28.791  -7.734  31.319  28.781  -6.777  31.358  28.252  -8.354
  32.143  28.414  -7.509  31.473  30.239  -6.927  30.735  30.604  -7.051  32.349
  30.443  -8.379  31.463  30.748 -10.028  26.906  24.736  -9.640  25.936  25.389
 -10.923  26.774  23.754 -11.120  27.584  23.179 -11.494  25.484  23.327 -11.432
  24.780  24.158 -12.986  25.635  22.987 -13.124  26.415  22.237 -13.330  24.691
  22.566 -13.824  25.956  24.241 -13.425  25.383  25.082 -13.711  27.015  24.484
 -15.319  25.611  24.097 -15.844  25.481  22.971 -16.013  25.468  25.130 -10.705
  24.840  22.174 -10.013  25.521  21.412 -10.787  23.512  22.053 -11.417  23.006
  22.669 -10.023  22.732  21.062  -9.015  23.145  21.019  -9.877  21.250  21.462
  -9.129  20.798  20.810  -9.420  21.048  22.906 -10.192  21.375  23.602  -9.209
  19.993  23.079  -8.509  21.620  23.084 -11.086  20.546  21.286 -10.941  19.659
  21.641 -10.613  22.830  19.653 -11.779  23.185  19.466  -9.827  22.449  18.641
  -8.864  22.215  18.839 -10.293  22.337  17.251 -10.577  23.321  16.877  -9.137
  21.803  16.392  -8.309  22.513  16.432  -8.785  20.855  16.803  -9.506  21.588
  14.947  -9.521  22.576  13.960  -9.926  21.961  12.838 -10.048  22.447  11.879
 -10.174  20.661  13.076 -10.527  19.993  12.391  -9.918  20.407  14.403 -10.035
  19.464  14.920 -11.535  21.442  17.129 -12.516  21.830  16.499 -11.535  20.282
  17.797 -10.723  20.045  18.346 -12.678  19.361  17.797 -12.966  19.165  16.763
 -12.291  18.024  18.450 -11.940  18.201  19.468 -13.185  17.400  18.500 -11.212
  17.259  17.659 -11.538  17.163  16.623 -10.278  17.820  17.672 -10.940  15.856
  18.208 -11.392  15.453  19.273 -10.181  15.044  17.503 -10.003  14.120  17.869
  -9.789  15.344  16.623 -13.912  19.956  18.494 -15.032  19.736  18.031 -13.736
  20.741  19.563 -12.793  20.904  19.900 -14.837  21.435  20.243 -15.636  20.719
  20.443 -14.349  21.995  21.589 -13.419  22.538  21.425 -15.090  22.695  21.978
 -14.132  20.888  22.637 -15.105  20.493  22.932 -13.567  20.067  22.197 -13.384
  21.350  23.891 -12.768  22.406  23.960 -13.398  20.564  24.945 -12.904  20.865
  25.772 -13.892  19.683  24.923 -15.439  22.540  19.361 -16.659  22.595  19.202
 -14.605  23.366  18.718 -13.608  23.270  18.895 -15.056  24.425  17.796 -15.788
  25.044  18.314 -13.875  25.329  17.387 -13.050  24.713  17.027 -14.240  26.338
  16.291 -15.074  26.961  16.615 -13.378  26.968  16.075 -14.515  25.818  15.376
 -13.406  26.140  18.599 -13.026  25.479  19.376 -12.612  26.827  18.312 -14.244
  26.708  18.994 -15.774  23.838  16.579 -16.883  24.269  16.257 -15.204  22.803
  15.952 -14.282  22.498  16.253 -15.861  22.066  14.859 -16.109  22.774  14.068
 -14.916  21.001  14.262 -14.464  20.429  15.073 -15.624  20.014  13.322 -16.138
  20.555  12.527 -14.893  19.336  12.882 -16.344  19.413  13.876 -13.805  21.676
  13.444 -13.263  22.393  14.059 -13.100  20.922  13.097 -14.232  22.192  12.585
 -17.185  21.459  15.327 -18.177  21.581  14.614 -17.257  20.885  16.533 -16.409
  20.807  17.083 -18.504  20.316  17.074 -18.890  19.593  16.354 -18.262  19.569
  18.390 -17.857  20.251  19.138 -19.212  19.174  18.754 -17.364  18.492  18.196
 -16.470  18.884  18.097 -19.597  21.372  17.281 -20.742  21.139  16.885 -19.263
  22.553  17.829 -18.302  22.684  18.138 -20.225  23.663  17.998 -21.090  23.300
  18.557 -19.595  24.835  18.774 -18.646  25.116  18.312 -20.273  25.687  18.704
 -19.375  24.539  20.265 -20.298  24.156  20.702 -18.595  23.788  20.381 -18.963
  25.826  20.996 -18.106  26.262  20.478 -19.780  26.550  20.958 -18.575  25.578
  22.396 -17.575  25.544  22.589 -19.353  25.421  23.452 -20.653  25.408  23.376
 -21.104  25.506  22.484 -21.201  25.258  24.207 -18.834  25.264  24.632 -17.822
  25.299  24.752 -19.428  25.145  25.434 -20.774  24.166  16.661 -21.961  24.477
  16.573 -19.938  24.218  15.621 -18.964  23.982  15.782 -20.342  24.691  14.286
 -21.044  25.515  14.416 -19.123  25.255  13.518 -18.378  24.463  13.420 -19.555
  25.707  12.111 -20.426  26.359  12.173 -18.753  26.251  11.621 -19.805  24.842
  11.496 -18.486  26.446  14.277 -19.129  27.321  14.191 -18.397  26.209  15.335
 -17.073  26.799  13.802 -17.087  27.161  12.777 -16.663  27.581  14.442 -16.436
  25.917  13.868 -21.100  23.599  13.508 -22.115  23.890  12.876 -20.685  22.329
  13.605 -19.826  22.152  14.118 -21.360  21.173  12.980 -21.505  21.391  11.920
 -20.439  19.945  13.103 -19.457  20.211  12.707 -20.325  19.681  14.156 -20.946
  18.720  12.326 -21.888  18.376  12.754 -21.106  18.996  11.282 -19.923  17.579
  12.392 -18.977  17.929  11.973 -19.764  17.308  13.439 -20.384  16.394  11.641
 -21.289  16.446  11.198 -19.728  15.258  11.480 -18.551  15.047  11.994 -18.110
  15.768  12.540 -18.085  14.165  11.847 -20.253  14.293  10.784 -21.163  14.408
  10.365 -19.750  13.429  10.663 -22.757  20.919  13.563 -23.651  20.488  12.835
 -22.971  21.246  14.840 -22.172  21.512  15.402 -24.283  21.206  15.494 -24.764
  20.260  15.240 -24.055  21.224  17.011 -23.570  22.155  17.307 -25.012  21.142
  17.528 -23.428  20.381  17.303 -25.249  22.333  15.051 -26.442  22.268  15.356
 -24.772  23.354  14.328 -23.790  23.363  14.083 -25.595  24.440  13.794 -26.432
  24.619  14.473 -24.749  25.720  13.773 -23.944  25.629  13.047 -25.377  26.564
  13.496 -24.323  25.900  14.760 -26.176  24.049  12.419 -25.569  24.296  11.373
 -27.346  23.398  12.423 -27.767  23.212  13.325 -27.898  22.697  11.250 -27.094
  22.114  10.799 -29.002  21.715  11.702 -29.833  22.294  12.108 -29.371  21.191
  10.819 -28.589  20.660  12.748 -28.294  21.160  13.669 -29.782  19.756  13.059
 -30.092  19.220  12.162 -29.508  19.037  13.831 -30.614  20.358  13.424 -27.434
  19.775  12.274 -26.531  20.373  12.155 -27.234  19.004  13.017 -27.689  19.303
  11.325 -28.431  23.614  10.130 -28.455  23.191   8.973 -28.848  24.846  10.450
 -28.794  25.113  11.421 -29.436  25.796   9.487 -29.473  25.333   8.499 -30.889
  26.111   9.897 -30.902  26.548  10.895 -31.303  26.848   9.208 -31.801  24.894
   9.861 -31.884  24.174   8.876 -32.526  24.622  10.922 -33.139  23.821  10.889
 -32.486  25.217  11.736 -28.603  27.079   9.310 -28.340  27.486   8.177 -28.173
  27.710  10.407 -28.426  27.343  11.311 -27.313  28.896  10.395 -26.645  28.829
   9.537 -28.192  30.148  10.246 -28.884  30.221  11.085 -27.566  31.041  10.225
 -28.759  30.098   9.316 -26.438  28.977  11.660 -26.844  28.507  12.727 -25.262
  29.604  11.551 -25.036  30.012  10.647 -24.283  29.785  12.639 -24.767  29.515
  13.578 -23.078  28.829  12.468 -23.470  27.823  12.330 -22.193  29.143  11.257
 -21.696  30.105  11.378 -21.441  28.365  11.136 -22.809  29.165  10.361 -22.176
  28.803  13.707 -22.763  28.547  14.587 -21.403  28.047  13.581 -21.699  29.771
  13.860 -23.853  31.249  12.762 -23.615  31.925  11.759 -23.721  31.734  14.001
 -23.931  31.107  14.774 -23.127  33.040  14.332 -23.079  33.656  13.434 -23.989
  33.776  15.369 -24.147  33.118  16.222 -23.452  34.662  15.713 -25.347  34.220
  14.798 -25.170  34.952  14.010 -25.869  33.367  14.362 -26.248  34.857  15.867
 -25.710  35.670  16.358 -27.113  35.294  15.365 -26.732  33.860  16.848 -27.421
  33.200  16.518 -26.379  33.721  18.114 -25.531  34.510  18.708 -25.187  35.319
  18.223 -25.371  34.413  19.696 -26.878  32.752  18.821 -27.571  32.141  18.421
 -26.578  32.615  19.774 -21.696  32.845  14.826 -21.441  31.956  15.637 -20.773
  33.674  14.349 -21.080  34.403  13.712 -19.344  33.614  14.661 -19.179  32.962
  15.519 -18.566  33.046  13.451 -18.715  33.719  12.606 -17.502  33.049  13.691
 -18.967  31.624  13.008 -20.038  31.586  12.810 -18.238  31.243  11.720 -17.159
  31.253  11.877 -18.551  30.250  11.400 -18.494  31.951  10.936 -18.617  30.572
  14.058 -19.176  30.766  14.971 -18.890  29.585  13.690 -17.549  30.599  14.274
 -18.840  35.014  15.030 -18.949  35.938  14.223 -18.274  35.172  16.228 -18.177
  34.351  16.818 -17.544  36.384  16.614 -17.882  37.211  15.990 -17.836  36.740
  18.083 -18.904  36.639  18.282 -17.305  36.027  18.710 -17.388  38.162  18.469
 -16.417  38.372  18.024 -18.394  39.212  18.000 -19.356  39.055  18.488 -18.029
  40.210  18.239 -18.527  39.139  16.926 -17.260  38.297  19.984 -16.480  37.632
  20.345 -16.993  39.319  20.250 -18.206  38.040  20.461 -16.053  36.161  16.345
 -15.502  35.144  16.771 -15.409  37.087  15.636 -15.931  37.902  15.327 -14.047
  36.930  15.101 -13.558  36.137  15.661 -14.074  36.504  13.614 -13.044  36.431
  13.263 -14.712  35.122  13.421 -15.774  35.156  13.659 -14.588  34.805  12.387
 -14.219  34.400  14.068 -14.802  37.508  12.711 -14.367  38.500  12.822 -14.703
  37.202  11.671 -15.861  37.551  12.966 -13.184  38.185  15.280 -13.694  39.281
  15.510 -11.864  38.028  15.153 -11.527  37.083  14.993 -10.863  39.112  15.125
 -11.376  40.069  15.019 -10.070  39.153  16.452  -9.809  38.134  16.739  -8.775
  39.971  16.396  -8.985  40.987  16.066  -8.314  40.005  17.383  -8.066  39.506
  15.711 -10.929  39.765  17.567 -11.875  39.233  17.645 -10.407  39.690  18.521
 -11.127  40.814  17.351  -9.960  38.954  13.894  -9.548  37.841  13.557  -9.656
  40.064  13.215  -9.974  40.949  13.578  -8.831  40.087  11.995  -9.091  39.210
  11.401  -9.139  41.336  11.140  -8.770  42.213  11.671  -8.567  41.268  10.214
 -10.612  41.587  10.769 -11.474  40.683  10.856 -10.919  42.722  10.339  -7.316
  40.025  12.320  -6.894  40.540  13.363  -6.469  39.443  11.447  -6.824  38.750
  10.215  -7.492  39.345   9.593  -7.289  37.797  10.462  -5.509  38.501   9.476
  -5.275  39.359   8.843  -5.544  37.587   8.882  -4.490  38.402  10.611  -3.482
  38.645  10.272  -4.513  37.397  11.035  -5.018  39.405  11.644  -4.794  39.028
  12.643  -4.366  40.789  11.483  -4.766  41.595  10.639  -3.320  41.052  12.269
  -3.033  40.344  12.932  -2.494  42.267  12.210  -2.471  42.631  11.181  -3.126
  43.364  13.094  -4.133  43.562  12.723  -3.205  43.000  14.120  -2.328  44.679
  13.097  -1.361  44.508  13.574  -2.147  44.985  12.064  -3.055  45.816  13.831
  -4.232  46.109  13.520  -2.439  46.450  14.720  -1.044  41.958  12.631  -0.811
  41.123  13.510  -0.066  42.637  12.023  -0.316  43.318  11.318   1.360  42.560
  12.386   1.432  42.323  13.448   2.070  41.424  11.621   1.552  40.489  11.838
   2.119  41.613  10.103   2.673  42.516   9.848   2.608  40.755   9.643   1.107
  41.687   9.705   3.407  41.305  12.061   3.699  40.413  11.825   2.062  43.908
  12.179   1.628  44.729  11.366   3.156  44.134  12.909   3.461  43.393  13.525
   4.033  45.310  12.768   3.448  46.138  12.365   4.546  45.741  14.154   5.188
  44.951  14.550   5.155  46.640  14.041   3.432  46.042  15.167   2.352  46.554
  14.793   3.623  45.777  16.375   5.197  45.079  11.779   5.950  46.006  11.474
   5.356  43.855  11.263   4.687  43.143  11.530   6.356  43.495  10.247   7.281
  44.031  10.469   6.653  41.987  10.362   6.958  41.781  11.390   5.740  41.426
  10.155   7.767  41.504   9.419   7.403  41.536   8.391   8.612  42.191   9.502
   8.243  40.074   9.733   7.430  39.212  10.144   9.450  39.781   9.552   5.910
  43.906   8.826   4.718  43.880   8.507   6.856  44.273   7.953   7.821  44.270
   8.249   6.566  44.629   6.557   5.698  45.292   6.560   7.751  45.418   5.965
   7.940  46.294   6.588   8.642  44.790   5.992   7.535  45.885   4.512   8.425
  46.419   4.181   7.418  45.019   3.861   6.337  46.822   4.355   6.236  47.861
   4.995   5.376  46.502   3.517   4.606  47.144   3.405   5.420  45.637   2.971
   6.209  43.391   5.711   6.902  42.370   5.764   5.153  43.508   4.894   4.658
  44.388   4.903   4.690  42.499   3.924   5.164  41.544   4.153   3.159  42.315
   4.066   2.670  43.251   3.789   2.837  41.556   3.351   2.649  41.903   5.461
   2.911  42.669   6.191   1.128  41.776   5.423   0.833  41.003   4.714   0.758
  41.516   6.415   0.688  42.727   5.125   3.229  40.563   5.912   4.306  40.654
   6.042   2.791  40.277   6.868   3.015  39.794   5.171   5.126  42.831   2.489
   5.366  41.887   1.707   5.228  44.031   2.151
