Cpptraj Generated trajectory                                                    
  -1.173  20.482  15.532  -0.736  20.817  14.686  -1.067  19.479  15.563  -0.702
  20.882  16.330  -2.613  20.840  15.542  -3.050  20.431  16.455  -2.840  22.368
  15.560  -3.911  22.570  15.501  -2.512  22.749  16.529  -2.140  23.165  14.466
  -2.657  23.188  13.152  -3.555  22.637  12.905  -1.998  23.917  12.141  -2.385
  23.916  11.132  -0.823  24.640  12.444  -0.169  25.330  11.472  -0.558  25.181
  10.602  -0.314  24.629  13.760   0.588  25.181  13.984  -0.971  23.895  14.767
  -0.570  23.900  15.775  -3.343  20.177  14.370  -2.713  19.766  13.393  -4.674
  20.066  14.461  -5.134  20.450  15.276  -5.545  19.508  13.413  -4.976  18.786
  12.825  -6.728  18.764  14.070  -7.272  19.478  14.686  -7.408  18.417  13.290
  -6.352  17.554  14.949  -5.671  17.871  15.739  -7.613  16.992  15.607  -8.315
  16.652  14.845  -7.349  16.152  16.251  -8.086  17.761  16.216  -5.692  16.431
  14.148  -4.736  16.767  13.749  -5.507  15.576  14.799  -6.341  16.123  13.328
  -6.035  20.583  12.419  -5.936  21.784  12.680  -6.573  20.135  11.278  -6.619
  19.134  11.145  -7.180  20.965  10.220  -7.412  21.944  10.633  -6.205  21.161
   9.036  -5.911  20.182   8.655  -6.834  21.949   7.878  -7.193  22.915   8.236
  -6.091  22.101   7.094  -7.661  21.390   7.441  -4.934  21.909   9.463  -4.379
  21.319  10.192  -4.287  22.072   8.600  -5.199  22.868   9.904  -8.490  20.321
   9.748  -8.540  19.100   9.570  -9.548  21.115   9.534  -9.430  22.115   9.668
 -10.886  20.615   9.139 -10.770  19.671   8.605 -11.754  20.354  10.388 -11.827
  21.280  10.961 -13.173  19.867  10.098 -13.154  19.023   9.407 -13.653  19.560
  11.027 -13.763  20.677   9.670 -11.160  19.373  11.213 -11.097  18.555  10.700
 -11.619  21.582   8.203 -11.663  22.781   8.473 -12.241  21.061   7.139 -12.161
  20.065   6.988 -13.169  21.796   6.261 -12.857  22.839   6.205 -13.102  21.225
   4.841 -12.082  21.312   4.467 -13.377  20.168   4.863 -13.983  21.915   3.974
 -13.900  21.525   3.090 -14.607  21.752   6.800 -15.064  20.703   7.269 -15.320
  22.884   6.744 -14.857  23.697   6.345 -16.627  23.120   7.395 -16.773  22.344
   8.144 -16.611  24.459   8.157 -16.545  25.286   7.448 -17.887  24.609   8.985
 -17.927  23.846   9.763 -17.907  25.596   9.441 -18.755  24.507   8.343 -15.432
  24.551   9.138 -14.487  24.560   8.597 -15.500  25.477   9.708 -15.446  23.703
   9.821 -17.808  22.984   6.427 -18.026  23.863   5.564 -18.536  21.977   6.557
  -1.128  20.318  14.820  -0.795  20.619  13.917  -0.940  19.331  14.909  -0.624
  20.810  15.542  -2.586  20.569  14.934  -2.925  20.185  15.898  -2.929  22.069
  14.859  -2.555  22.475  13.916  -4.015  22.184  14.840  -2.409  22.912  16.009
  -1.323  23.789  15.813  -0.832  23.850  14.848  -0.891  24.619  16.864  -0.061
  25.291  16.712  -1.545  24.580  18.113  -1.171  25.432  19.102  -1.030  26.322
  18.730  -2.618  23.689  18.316  -3.119  23.667  19.274  -3.051  22.859  17.264
  -3.896  22.198  17.420  -3.354  19.822  13.844  -2.786  19.466  12.808  -4.659
  19.612  14.056  -5.063  19.940  14.921  -5.594  19.130  13.029  -5.095  18.374
  12.421  -6.819  18.479  13.710  -7.302  19.237  14.329  -7.535  18.181  12.941
  -6.518  17.249  14.589  -5.791  17.514  15.356  -7.800  16.791  15.289  -8.549
  16.508  14.549  -7.578  15.936  15.928  -8.187  17.600  15.910  -5.972  16.073
  13.777  -5.007  16.332  13.344  -5.831  15.211  14.429  -6.669  15.810  12.981
  -6.024  20.262  12.071  -5.875  21.448  12.378  -6.583  19.879  10.918  -6.661
  18.886  10.746  -7.207  20.766   9.916  -7.393  21.738  10.369  -6.277  20.976
   8.699  -5.992  20.002   8.299  -6.943  21.775   7.570  -7.307  22.729   7.952
  -6.220  21.950   6.772  -7.771  21.209   7.142  -4.998  21.727   9.096  -4.428
  21.142   9.817  -4.370  21.886   8.219  -5.252  22.690   9.537  -8.558  20.173
   9.497  -8.699  18.949   9.421  -9.581  21.001   9.256  -9.428  22.001   9.347
 -10.927  20.529   8.855 -10.823  19.632   8.241 -11.754  20.162  10.103 -11.804
  21.033  10.757 -13.183  19.698   9.831 -13.189  18.912   9.075 -13.625  19.314
  10.750 -13.788  20.539   9.493 -11.122  19.109  10.805 -10.341  18.850  10.284
 -11.683  21.566   8.019 -11.683  22.747   8.363 -12.360  21.117   6.955 -12.306
  20.131   6.746 -13.312  21.912   6.161 -12.986  22.952   6.152 -13.315  21.425
   4.708 -12.310  21.522   4.297 -13.605  20.373   4.680 -14.221  22.179   3.924
 -14.165  21.858   3.011 -14.724  21.857   6.763 -15.180  20.793   7.196 -15.409
  23.005   6.809 -14.950  23.822   6.416 -16.635  23.258   7.595 -16.733  22.467
   8.336 -16.485  24.576   8.378 -16.427  25.413   7.679 -17.673  24.794   9.312
 -17.728  23.992  10.049 -17.550  25.747   9.820 -18.596  24.824   8.742 -15.228
  24.579   9.262 -14.329  24.525   8.650 -15.185  25.505   9.835 -15.246  23.730
   9.944 -17.911  23.196   6.749 -18.086  24.002   5.809 -18.749  22.318   7.044
