Cpptraj Generated trajectory                                                    
  -5.286  46.660  20.241  -5.530  47.632  20.359  -4.371  46.521  20.645  -5.950
  46.104  20.761  -5.291  46.299  18.795  -4.566  46.942  18.290  -4.883  44.826
  18.526  -5.483  44.168  19.158  -5.115  44.575  17.488  -3.394  44.505  18.769
  -3.093  44.864  19.753  -3.274  43.419  18.758  -2.465  45.094  17.695  -2.713
  44.643  16.732  -2.618  46.172  17.630  -1.048  44.830  18.002  -0.841  44.284
  18.824   0.000  45.257  17.322  -0.100  45.955  16.230  -1.015  46.173  15.842
   0.742  46.242  15.737   1.194  44.980  17.750   1.319  44.447  18.595   2.008
  45.329  17.247  -6.636  46.662  18.157  -6.736  47.732  17.554  -7.675  45.825
  18.291  -7.556  44.967  18.813  -9.029  46.077  17.762  -9.226  47.151  17.790
  -9.113  45.617  16.292 -10.047  45.982  15.861  -8.296  46.072  15.732  -9.066
  44.091  16.111  -8.171  43.696  16.593  -9.935  43.655  16.605  -9.082  43.531
  14.386  -7.380  43.934  13.896  -6.677  43.414  14.547  -7.210  43.617  12.868
  -7.213  45.009  13.967 -10.111  45.387  18.614  -9.811  44.452  19.362 -11.370
  45.815  18.471 -11.544  46.571  17.825 -12.537  45.123  19.038 -12.225  44.650
  19.966 -13.649  46.138  19.374 -13.954  46.632  18.450 -14.515  45.592  19.753
 -13.270  47.219  20.406 -12.413  47.787  20.045 -14.441  48.186  20.587 -15.314
  47.653  20.966 -14.165  48.971  21.291 -14.688  48.647  19.631 -12.930  46.627
  21.776 -12.029  46.020  21.708 -12.744  47.432  22.487 -13.757  46.014  22.136
 -13.057  44.019  18.084 -12.896  44.157  16.866 -13.700  42.945  18.589 -13.801
  42.563  19.993 -14.681  43.031  20.437 -12.909  42.822  20.563 -13.964  41.045
  19.990 -14.492  40.691  20.876 -12.985  40.570  19.908 -14.765  40.803  18.715
 -15.824  40.961  18.924 -14.594  39.800  18.321 -14.259  41.880  17.750 -13.448
  41.459  17.156 -15.374  42.337  16.792 -16.039  43.355  17.011 -15.600  41.539
  15.745 -15.013  40.710  15.674 -16.598  41.716  14.676 -17.199  42.604  14.881
 -15.829  41.930  13.358 -15.219  42.829  13.465 -15.158  41.083  13.200 -16.720
  42.090  12.115 -17.182  41.132  11.867 -17.509  42.812  12.331 -15.924  42.599
  10.902 -16.614  42.751  10.070 -15.499  43.574  11.150 -14.828  41.687  10.507
 -13.965  41.747  11.027 -14.804  40.844   9.490 -15.813  40.658   8.691 -16.671
  41.157   8.845 -15.712  40.020   7.913 -13.730  40.161   9.245 -12.907  40.295
   9.831 -13.705  39.534   8.459 -17.541  40.509  14.630 -17.098  39.381  14.840
 -18.832  40.732  14.375 -19.123  41.680  14.187 -19.864  39.685  14.362 -19.448
  38.785  14.816 -21.053  40.136  15.235 -20.687  40.388  16.231 -21.470  41.044
  14.796 -22.191  39.103  15.375 -22.561  38.828  14.388 -21.744  37.836  16.109
 -21.340  38.092  17.089 -22.595  37.168  16.236 -20.987  37.314  15.531 -23.347
  39.718  16.163 -23.709  40.609  15.650 -24.166  39.002  16.235 -23.016  39.990
  17.166 -20.286  39.310  12.932 -20.598  40.183  12.118 -20.344  38.007  12.658
 -20.035  37.359  13.376 -20.734  37.407  11.381 -21.088  38.183  10.700 -19.495
  36.739  10.761 -19.111  35.985  11.452 -19.768  36.249   9.827 -18.195  37.968
  10.431 -17.296  37.121   9.915 -21.875  36.391  11.578 -21.938  35.713  12.605
 -22.755  36.243  10.583 -22.668  36.832   9.767 -23.832  35.245  10.572 -23.621
  34.479  11.318 -25.150  35.927  10.965 -25.025  36.438  11.922 -25.419  36.665
  10.206 -26.473  34.689  11.109 -27.472  35.540  11.335 -23.910  34.545   9.204
 -23.926  35.210   8.163 -23.914  33.209   9.208 -23.939  32.742  10.110 -23.817
  32.346   8.027 -23.806  32.950   7.118 -22.525  31.501   8.081 -22.569  30.877
   8.971 -22.565  30.837   7.219 -21.141  32.180   8.050 -21.068  32.815   7.171
 -20.787  33.000   9.294 -20.992  32.424  10.196 -19.736  33.281   9.266 -21.360
  33.920   9.307 -20.089  31.073   7.940 -20.219  30.536   7.001 -19.088  31.500
   7.953 -20.186  30.378   8.774 -25.021  31.390   7.972 -25.360  30.778   8.982
 -25.612  31.182   6.794 -25.287  31.707   5.995 -26.657  30.169   6.552 -27.014
  29.782   7.507 -27.860  30.831   5.860 -28.207  31.654   6.487 -27.540  31.236
   4.899 -29.029  29.857   5.640 -28.719  29.071   4.947 -29.270  29.389   6.597
 -30.291  30.541   5.083 -30.191  31.551   4.346 -31.416  30.061   5.361 -26.091
  28.979   5.755 -25.388  29.174   4.762 -26.371  27.742   6.185 -27.015  27.641
   6.965 -25.734  26.522   5.663 -24.655  26.686   5.665 -26.037  25.349   6.614
 -25.914  25.682   7.644 -27.074  25.034   6.482 -25.099  24.155   6.379 -25.194
  23.818   5.347 -24.069  24.471   6.554 -25.433  22.981   7.312 -25.318  23.298
   8.351 -26.468  22.679   7.143 -24.502  21.793   7.022 -24.588  21.532   5.962
 -23.467  22.096   7.213 -24.835  20.605   7.850 -25.784  20.298   7.690 -24.231
  19.829   7.622 -24.723  20.793   8.834 -26.154  26.219   4.216 -27.343  26.256
   3.889 -25.182  25.890   3.365 -24.237  25.846   3.733 -25.366  25.469   1.970
 -26.388  25.666   1.644 -24.698  26.059   1.342 -25.062  23.978   1.734 -24.746
  23.249   2.681 -25.110  23.501   0.474 -25.451  24.263  -0.721 -24.917  25.213
  -0.765 -26.528  24.435  -0.746 -25.044  23.383  -1.902 -23.994  23.557  -2.147
 -25.676  23.558  -2.774 -25.218  21.970  -1.348 -24.604  21.245  -1.885 -26.270
  21.688  -1.406 -24.809  22.106   0.124 -25.425  21.435   0.726 -23.333  21.725
   0.349 -23.016  20.545   0.507 -22.435  22.716   0.413 -22.766  23.657   0.243
 -21.013  22.589   0.752 -20.736  21.536   0.669 -20.174  23.359  -0.292 -19.119
  23.168  -0.098 -20.395  22.975  -1.288 -20.399  24.867  -0.308 -21.454  25.384
   0.037 -19.419  25.628  -0.737 -19.579  26.620  -0.798 -18.547  25.216  -1.032
 -20.703  22.983   2.218 -19.587  23.406   2.532 -21.686  22.876   3.123 -22.598
  22.576   2.805 -21.553  23.267   4.530 -22.382  22.853   5.103 -20.625  22.862
   4.936 -21.562  24.787   4.702 -22.484  25.456   4.231 -20.542  25.339   5.362
 -19.824  24.730   5.751 -20.335  26.791   5.471 -21.229  27.303   5.118 -20.174
  27.165   6.952 -19.356  26.585   7.381 -19.897  28.216   7.013 -21.437  26.968
   7.781 -21.534  25.932   8.733 -20.710  25.247   8.870 -22.703  25.782   9.510
 -22.773  24.994  10.247 -23.783  26.674   9.333 -24.917  26.560  10.072 -24.980
  25.711  10.542 -23.690  27.700   8.372 -24.519  28.378   8.248 -22.526  27.841
   7.595 -22.467  28.622   6.852 -19.198  27.318   4.570 -19.000  28.531   4.481
 -18.488  26.425   3.868 -18.731  25.450   3.981 -17.479  26.744   2.849 -17.084
  25.803   2.466 -17.940  27.255   2.012 -16.283  27.553   3.360 -15.847  28.519
   2.727 -15.751  27.152   4.514 -16.172  26.357   4.973 -14.454  27.587   5.027
 -13.816  27.834   4.178 -14.603  28.857   5.880 -13.610  29.283   6.013 -15.173
  29.590   5.312 -15.226  28.713   7.258 -14.417  28.823   8.406 -13.347  28.931
   8.308 -15.000  28.825   9.685 -14.379  28.934  10.560 -16.393  28.704   9.823
 -16.840  28.721  10.806 -17.201  28.564   8.683 -18.272  28.471   8.793 -16.619
  28.566   7.402 -17.245  28.480   6.527 -13.756  26.451   5.785 -14.339  25.395
   6.034 -12.489  26.665   6.130 -12.082  27.561   5.880 -11.630  25.720   6.842
 -12.200  24.832   7.112 -10.454  25.292   5.951  -9.892  26.180   5.667  -9.796
  24.654   6.542 -10.825  24.544   4.692 -10.484  23.215   4.421 -10.998  22.945
   3.206 -10.931  21.987   2.702 -11.611  24.029   2.704 -12.110  24.064   1.811
 -11.498  25.053   3.618 -11.874  26.061   3.513 -11.111  26.356   8.129 -10.726
  27.525   8.129 -11.042  25.576   9.203 -11.314  24.603   9.094 -10.421  25.952
  10.473 -10.206  27.018  10.469 -11.385  25.652  11.636 -11.771  24.640  11.508
 -10.833  25.678  12.576 -12.570  26.626  11.746 -13.040  26.745  10.772 -13.599
  26.066  12.724 -13.134  25.899  13.695 -14.425  26.767  12.829 -13.989  25.122
  12.348 -12.143  28.002  12.259 -11.511  28.487  11.521 -13.018  28.628  12.423
 -11.593  27.902  13.195  -9.083  25.228  10.662  -8.898  24.108  10.176  -8.174
  25.853  11.410  -8.405  26.777  11.767  -6.958  25.223  11.926  -7.192  24.172
  12.090  -5.811  25.280  10.895  -4.998  24.657  11.268  -6.167  24.822   9.973
  -5.211  26.625  10.528  -4.043  26.783   9.771  -3.872  28.107   9.612  -3.053
  28.567   9.069  -4.866  28.780  10.212  -4.965  29.790  10.221  -5.718  27.865
  10.790  -6.620  28.081  11.339  -6.526  25.780  13.291  -6.831  26.922  13.650
  -5.787  24.959  14.040  -5.611  24.032  13.668  -5.055  25.372  15.243  -5.632
  26.123  15.783  -4.923  24.515  15.904  -3.674  25.963  14.927  -3.168  25.829
  13.810  -3.039  26.595  15.917  -3.487  26.647  16.821  -1.707  27.205  15.788
  -1.219  26.797  14.904  -1.854  28.720  15.553  -2.464  28.866  14.660  -2.374
  29.172  16.398  -0.501  29.422  15.356   0.058  29.400  16.293   0.077  28.867
  14.613  -0.654  30.873  14.874  -1.248  31.107  13.797  -0.136  31.796  15.543
  -0.805  26.876  16.992  -1.244  26.933  18.146   0.464  26.537  16.723   0.721
  26.450  15.741   1.483  26.165  17.722   1.203  25.200  18.149   2.834  25.999
  16.999   2.711  25.280  16.187   3.128  26.956  16.563   3.960  25.501  17.921
   4.122  26.220  18.725   3.672  24.543  18.357   5.272  25.328  17.141   5.126
  24.592  16.348   5.552  26.283  16.692   6.392  24.857  18.078   6.512  25.590
  18.881   6.098  23.906  18.531   7.678  24.692  17.356   7.982  25.560  16.944
   8.406  24.383  17.983   7.601  24.008  16.620   1.574  27.184  18.870   1.841
  28.367  18.648   1.366  26.712  20.100   1.153  25.731  20.195   1.451  27.511
  21.331   1.539  26.829  22.177   2.355  28.119  21.299   0.265  28.448  21.616
   0.326  29.202  22.590  -0.806  28.427  20.806  -0.804  27.775  20.027  -2.011
  29.266  20.981  -1.777  30.079  21.670  -2.430  29.889  19.633  -2.806  29.094
  18.985  -3.254  30.583  19.809  -1.321  30.636  18.867  -0.541  29.928  18.588
  -1.756  31.028  17.947  -0.687  31.802  19.641  -1.462  32.520  19.916  -0.206
  31.428  20.547   0.366  32.490  18.759   1.133  31.757  18.488  -0.111  32.826
  17.833   0.996  33.644  19.447   1.464  33.360  20.294   1.684  34.084  18.855
   0.314  34.347  19.689  -3.172  28.481  21.609  -3.280  27.268  21.414  -4.056
  29.176  22.335  -3.877  30.159  22.479  -5.266  28.589  22.944  -5.118  27.514
  23.061  -5.491  29.180  24.352  -5.682  30.250  24.254  -6.388  28.725  24.771
  -4.339  28.978  25.357  -3.439  29.468  24.985  -4.712  29.613  26.697  -5.583
  29.113  27.121  -3.875  29.525  27.390  -4.935  30.671  26.553  -4.030  27.500
  25.608  -3.650  27.038  24.698  -3.264  27.411  26.379  -4.930  26.979  25.934
  -6.528  28.742  22.068  -7.396  27.868  22.100  -6.620  29.818  21.276  -5.866
  30.485  21.306  -7.717  30.077  20.331  -8.658  29.741  20.770  -7.800  31.150
  20.159  -7.544  29.386  18.970  -6.462  28.890  18.644  -8.614  29.374  18.167
  -9.443  29.862  18.476  -8.678  28.719  16.849  -7.729  28.219  16.657  -9.780
  27.638  16.837 -10.754  28.128  16.822  -9.688  27.059  15.916  -9.753  26.667
  18.037 -10.036  27.211  18.938 -10.508  25.897  17.885  -8.404  25.982  18.277
  -7.621  25.720  17.375  -8.087  25.643  19.505  -7.170  25.270  19.672  -8.727
  25.854  20.270  -8.873  29.740  15.713  -9.459  30.807  15.921  -8.386  29.417
  14.510  -7.960  28.505  14.381  -8.272  30.355  13.384  -8.825  31.264  13.614
  -6.795  30.735  13.184  -6.229  29.831  12.957  -6.718  31.389  12.315  -6.133
  31.428  14.362  -5.586  30.669  15.417  -5.644  29.589  15.390  -4.976  31.310
  16.512  -4.578  30.721  17.326  -4.886  32.719  16.540  -4.306  33.357  17.592
  -3.961  32.738  18.243  -5.405  33.476  15.470  -5.314  34.552  15.489  -6.040
  32.833  14.390  -6.451  33.419  13.578  -8.847  29.784  12.080  -8.918  28.569
  11.900  -9.209  30.653  11.135  -9.150  31.644  11.358  -9.606  30.273   9.770
 -10.138  29.323   9.820 -10.585  31.309   9.168 -10.111  32.292   9.195 -10.914
  30.981   7.698 -11.406  30.013   7.621 -11.567  31.748   7.287 -10.013  30.975
   7.088 -11.869  31.360  10.030 -12.271  30.353  10.137 -11.602  31.724  11.022
 -12.989  32.265   9.504 -13.442  31.828   8.614 -13.757  32.365  10.270 -12.593
  33.251   9.266  -8.358  30.053   8.902  -7.494  30.926   8.810  -8.281  28.901
   8.228  -9.056  28.254   8.346  -7.204  28.540   7.288  -6.270  28.994   7.624
  -7.032  27.009   7.287  -6.930  26.658   8.314  -7.926  26.551   6.866  -5.797
  26.560   6.484  -5.823  26.979   5.478  -4.902  26.930   6.982  -5.699  25.033
   6.367  -4.704  24.773   5.997  -5.796  24.598   7.362  -6.726  24.470   5.460
  -7.534  24.039   5.878  -6.652  24.379   4.141  -5.629  24.809   3.462  -4.842
  25.207   3.944  -5.603  24.697   2.463  -7.619  23.842   3.459  -8.458  23.505
   3.911  -7.523  23.746   2.463  -7.464  29.058   5.871  -6.545  29.542   5.213
  -8.706  28.921   5.403  -9.405  28.559   6.037  -9.136  29.183   4.026  -8.605
  30.055   3.642  -8.778  27.945   3.169  -7.697  27.795   3.204  -9.243  27.072
   3.626  -9.217  27.984   1.692 -10.295  28.128   1.631  -8.514  29.097   0.911
  -7.433  28.962   0.959  -8.831  29.065  -0.132  -8.773  30.073   1.316  -8.884
  26.652   1.021  -9.397  25.842   1.539  -9.220  26.669  -0.016  -7.809  26.475
   1.049 -10.645  29.469   3.993 -11.393  28.879   4.771 -11.099  30.318   3.070
 -10.431  30.757   2.452 -12.523  30.534   2.762 -13.125  29.808   3.307 -12.992
  31.937   3.198 -12.443  32.693   2.636 -14.488  32.122   2.937 -15.051  31.351
   3.457 -14.806  33.104   3.287 -14.695  32.056   1.870 -12.751  32.172   4.694
 -11.683  32.158   4.906 -13.145  33.143   4.983 -13.247  31.404   5.281 -12.751
  30.293   1.269 -11.984  30.782   0.437 -13.772  29.510   0.921 -14.405  29.176
   1.640 -14.004  29.036  -0.451 -13.029  28.943  -0.925 -14.619  27.625  -0.425
 -15.618  27.666   0.013 -14.705  27.274  -1.454 -13.751  26.629   0.371 -12.708
  26.769   0.076 -13.829  26.852   1.438 -14.129  25.157   0.140 -15.263  24.849
  -0.294 -13.275  24.278   0.401 -14.853  30.019  -1.294 -15.702  30.720  -0.734
 -14.672  30.086  -2.633 -13.673  29.377  -3.426 -14.056  28.391  -3.697 -12.718
  29.281  -2.910 -13.473  30.218  -4.685 -13.152  29.611  -5.532 -12.753  31.014
  -4.485 -14.857  30.820  -4.907 -15.486  30.090  -5.420 -14.807  31.748  -5.480
 -15.366  31.062  -3.480 -15.051  32.058  -3.169 -16.897  30.973  -3.401 -17.487
  29.907  -3.605 -17.550  32.105  -3.127 -16.997  32.938  -2.940 -19.009  32.236
  -3.053 -19.254  33.296  -2.990 -19.450  31.839  -3.967 -19.674  31.536  -1.858
 -20.891  31.337  -1.881 -18.911  31.131  -0.836 -17.916  31.320  -0.856 -19.441
  30.408   0.326 -20.078  29.608  -0.047 -18.299  29.762   1.112 -18.732  29.095
   1.851 -17.674  29.180   0.434 -17.506  30.702   1.804 -16.713  30.218   2.086
 -20.271  31.285   1.274 -20.141  32.513   1.257 -21.072  30.681   2.176 -21.513
  29.292   2.164 -20.721  28.643   2.538 -21.821  28.975   1.167 -22.705  29.237
   3.114 -22.819  28.253   3.568 -23.612  29.524   2.580 -22.350  30.307   4.145
 -21.634  29.895   4.858 -23.229  30.688   4.663 -21.689  31.395   3.294 -22.456
  32.064   2.904 -20.688  32.210   4.123 -21.002  33.324   4.535 -19.471  31.698
   4.327 -19.268  30.767   3.983 -18.405  32.413   5.021 -18.801  32.805   5.957
 -17.312  31.399   5.356 -17.016  30.858   4.459 -16.444  31.901   5.781 -17.702
  30.686   6.079 -17.868  33.622   4.232 -17.654  34.680   4.826 -17.707  33.522
   2.907 -17.881  32.629   2.453 -17.310  34.669   2.076 -16.444  35.142   2.543
 -16.889  34.202   0.671 -16.121  33.437   0.772 -17.743  33.768   0.149 -16.317
  35.368  -0.150 -17.133  36.031  -0.449 -15.636  35.944   0.481 -15.560  34.894
  -1.398 -16.204  34.485  -2.390 -14.310  34.975  -1.422 -18.422  35.731   2.009
 -18.151  36.929   2.131 -19.685  35.295   1.905 -19.819  34.292   1.790 -20.884
  36.153   1.952 -20.783  36.948   1.212 -22.118  35.305   1.597 -22.125  34.404
   2.213 -23.023  35.875   1.816 -22.135  34.922   0.107 -22.308  35.821  -0.485
 -21.172  34.500  -0.182 -23.230  33.891  -0.195 -23.019  32.973   0.358 -24.199
  34.285   0.118 -23.257  33.594  -1.700 -23.515  34.512  -2.236 -22.254  33.292
  -2.018 -24.228  32.524  -2.038 -25.161  32.765  -1.740 -24.258  32.369  -3.034
 -23.973  31.649  -1.605 -21.057  36.849   3.308 -21.531  37.986   3.351 -20.621
  36.215   4.398 -20.346  35.245   4.297 -20.557  36.802   5.738 -21.431  37.442
   5.872 -20.657  35.665   6.761 -19.786  35.014   6.684 -20.709  36.081   7.765
 -21.562  35.086   6.577 -19.314  37.690   5.982 -19.233  38.347   7.022 -18.357
  37.742   5.046 -18.471  37.180   4.212 -17.166  38.597   5.129 -16.796  38.760
   4.117 -17.440  39.567   5.544 -16.005  38.025   5.956 -15.236  38.796   6.538
 -15.878  36.696   6.040 -16.556  36.121   5.548 -14.726  36.008   6.640 -14.335
  36.613   7.458 -15.170  34.651   7.219 -15.582  34.053   6.407 -14.292  34.128
   7.596 -16.211  34.740   8.351 -17.080  35.308   8.019 -16.680  33.339   8.734
 -15.835  32.726   9.045 -17.393  33.406   9.552 -17.164  32.874   7.880 -15.636
  35.397   9.607 -15.394  36.438   9.404 -16.365  35.362  10.416 -14.731  34.876
   9.918 -13.576  35.832   5.630 -13.813  35.699   4.426 -12.335  35.794   6.126
 -12.223  35.926   7.129 -11.098  35.583   5.355 -11.342  35.102   4.408 -10.424
  36.946   5.066 -10.266  37.451   6.020  -9.441  36.772   4.627 -11.192  37.901
   4.130 -12.202  38.063   4.506 -10.483  39.256   4.086  -9.468  39.138   3.704
 -11.034  39.940   3.441 -10.442  39.681   5.089 -11.264  37.369   2.697 -11.828
  36.438   2.671 -11.774  38.093   2.062 -10.260  37.196   2.308 -10.119  34.646
   6.094 -10.267  34.368   7.287  -9.087  34.168   5.390  -8.995  34.441   4.424
  -7.990  33.405   5.990  -8.411  32.543   6.509  -7.079  32.884   4.872  -6.646
  33.721   4.321  -6.271  32.293   5.304  -7.649  32.257   4.186  -7.202  34.240
   7.023  -6.956  35.433   6.824  -6.787  33.604   8.122  -7.013  32.618   8.219
  -6.059  34.226   9.235  -5.453  33.460   9.719  -5.385  34.989   8.844  -6.939
  34.876  10.314  -6.407  35.312  11.335  -8.265  34.926  10.136  -8.653  34.557
   9.280  -9.198  35.423  11.161  -8.848  36.398  11.502 -10.618  35.608  10.588
 -10.955  34.646  10.199 -11.282  35.873  11.415 -10.775  36.683   9.491  -9.853
  37.502   9.270 -11.864  36.745   8.873  -9.238  34.493  12.389  -9.258  33.268
  12.253  -9.277  35.079  13.590  -9.307  36.096  13.605  -9.358  34.390  14.890
  -8.943  33.385  14.802  -8.520  35.195  15.900  -7.512  35.306  15.502  -8.947
  36.194  15.992  -8.435  34.563  17.299  -9.431  34.512  17.739  -8.027  33.554
  17.219  -7.529  35.412  18.204  -6.521  35.418  17.782  -7.887  36.444  18.211
  -7.465  34.884  19.582  -6.762  34.187  19.772  -8.197  35.251  20.622  -9.121
  36.163  20.569  -9.278  36.677  19.725  -9.629  36.369  21.424  -8.016  34.709
  21.787  -7.287  34.034  21.936  -8.597  35.034  22.551 -10.814  34.277  15.337
 -11.525  35.279  15.302 -11.255  33.107  15.801 -10.609  32.325  15.832 -12.590
  32.929  16.392 -13.273  33.644  15.931 -13.146  31.518  16.106 -12.342  30.782
  16.165 -13.867  31.279  16.889 -13.883  31.389  14.758 -14.671  32.141  14.712
 -12.969  31.561  13.544 -12.127  30.871  13.607 -13.531  31.368  12.632 -12.595
  32.583  13.501 -14.541  30.012  14.657 -15.223  29.866  15.495 -15.110  29.941
  13.730 -13.777  29.236  14.672 -12.578  33.248  17.896 -11.671  32.845  18.627
 -13.618  33.955  18.344 -14.297  34.261  17.653 -13.824  34.425  19.725 -12.967
  34.140  20.335 -13.944  35.966  19.764 -14.857  36.264  19.249 -14.014  36.500
  21.199 -13.099  36.251  21.731 -14.134  37.584  21.187 -14.861  36.068  21.731
 -12.765  36.663  19.073 -12.762  36.436  18.007 -12.858  37.742  19.192 -11.827
  36.329  19.515 -15.061  33.774  20.346 -14.993  33.271  21.467 -16.178  33.719
  19.611 -16.158  34.097  18.671 -17.424  33.069  20.049 -17.176  32.346  20.822
 -18.436  34.076  20.640 -18.842  34.682  19.830 -19.262  33.508  21.067 -17.878
  35.009  21.727 -17.363  34.411  22.477 -17.148  35.681  21.277 -18.960  35.848
  22.429 -20.039  36.111  21.851 -18.728  36.286  23.580 -18.113  32.305  18.909
 -18.029  32.706  17.746 -18.859  31.251  19.257 -18.879  30.998  20.244 -19.771
  30.516  18.362 -19.828  31.036  17.405 -19.275  29.080  18.087 -19.256  28.524
  19.025 -20.208  28.350  17.111 -20.296  28.913  16.182 -19.810  27.360  16.889
 -21.197  28.225  17.551 -17.859  29.051  17.494 -17.151  29.496  18.191 -17.557
  28.021  17.305 -17.830  29.612  16.563 -21.170  30.506  18.985 -21.332  30.095
  20.132 -22.179  30.994  18.257 -21.968  31.294  17.308 -23.565  31.180  18.727
 -24.045  31.839  18.004 -24.331  29.841  18.665 -23.828  29.112  19.301 -25.341
  29.976  19.048 -24.462  29.280  17.258 -24.523  29.996  16.267 -24.528  27.976
  17.124 -24.669  27.600  16.203 -24.506  27.381  17.936 -23.707  31.941  20.072
 -24.697  31.778  20.789 -22.732  32.794  20.410 -21.970  32.913  19.759 -22.670
  33.554  21.668 -22.169  34.501  21.473 -23.681  33.779  22.008 -21.929  32.865
  22.825 -21.815  33.453  23.902 -21.404  31.650  22.635 -21.523  31.203  21.732
 -20.537  30.957  23.602 -20.717  31.352  24.602 -20.849  29.448  23.623 -20.618
  29.026  22.643 -20.190  28.965  24.346 -22.307  29.091  23.966 -22.960  29.475
  23.179 -22.400  28.003  23.956 -22.785  29.612  25.334 -21.966  29.774  26.268
 -24.009  29.825  25.508 -19.056  31.195  23.269 -18.643  31.009  22.124 -18.245
  31.602  24.251 -18.625  31.712  25.180 -16.825  31.913  24.047 -16.744  32.512
  23.142 -16.323  32.776  25.221 -16.982  33.637  25.337 -16.363  32.196  26.143
 -14.895  33.269  25.034 -13.944  32.500  25.048 -14.695  34.556  24.871 -13.743
  34.887  24.727 -15.472  35.195  24.854 -15.980  30.646  23.810 -16.134  29.643
  24.513 -15.071  30.708  22.830 -14.996  31.583  22.316 -14.227  29.583  22.382
 -14.401  28.745  23.053 -14.631  29.092  20.975 -14.006  28.234  20.743 -16.086
  28.613  20.930 -16.770  29.453  21.043 -16.281  28.120  19.979 -16.262  27.901
  21.735 -14.427  30.133  19.867 -13.402  30.502  19.877 -14.622  29.675  18.897
 -15.112  30.967  20.006 -12.717  29.852  22.474 -11.919  29.047  21.999 -12.287
  30.943  23.116 -12.978  31.551  23.550 -10.876  31.381  23.151 -10.515  31.449
  22.123 -10.781  32.783  23.774 -11.198  32.761  24.782  -9.729  33.060  23.852
 -11.493  33.857  22.943 -11.101  33.838  21.923 -12.563  33.647  22.897 -11.258
  35.240  23.560 -12.057  35.666  24.426 -10.258  35.904  23.191  -9.911  30.422
  23.883  -8.692  30.575  23.766 -10.440  29.432  24.618 -11.448  29.419  24.691
  -9.685  28.340  25.266  -8.667  28.356  24.878  -9.605  28.576  26.789 -10.612
  28.583  27.209  -9.051  27.753  27.244  -8.888  29.887  27.157  -7.914  29.912
  26.668  -9.478  30.737  26.809  -8.693  30.009  28.674  -9.668  29.984  29.166
  -8.094  29.168  29.030  -7.981  31.325  29.014  -7.015  31.349  28.500  -8.582
  32.159  28.636  -7.776  31.478  30.475  -7.210  30.732  30.848  -7.309  32.347
  30.685  -8.654  31.480  30.971 -10.209  26.934  24.914  -9.845  25.959  25.573
 -11.065  26.811  23.896 -11.244  27.629  23.327 -11.583  25.523  23.400 -11.509
  24.778  24.194 -13.073  25.641  23.038 -13.218  26.434  22.304 -13.382  24.698
  22.588 -13.942  25.909  24.282 -13.558  25.309  25.111 -13.846  26.960  24.564
 -15.430  25.561  24.089 -15.917  25.425  22.946 -16.160  25.422  25.098 -10.751
  24.976  22.226 -10.063  25.729  21.531 -10.786  23.658  22.011 -11.412  23.089
  22.573  -9.971  22.979  20.986  -8.981  23.431  20.997  -9.771  21.480  21.284
  -8.993  21.106  20.618  -9.332  21.195  22.720 -10.128  21.445  23.421  -9.084
  20.139  22.824  -8.447  21.787  22.955 -10.945  20.740  21.033 -10.759  19.831
  21.300 -10.531  23.154  19.571 -11.707  23.469  19.379  -9.701  22.889  18.555
  -8.733  22.691  18.766 -10.116  22.864  17.145 -10.410  23.863  16.825  -8.918
  22.417  16.289  -8.149  23.188  16.319  -8.494  21.503  16.708  -9.277  22.154
  14.851  -9.549  23.130  13.890  -9.933  22.457  12.794 -10.252  22.913  11.869
  -9.908  21.133  13.018 -10.226  20.421  12.361  -9.502  20.921  14.313  -9.429
  19.970  14.825 -11.339  21.961  16.924 -12.327  22.391  16.330 -11.320  20.743
  17.479 -10.502  20.460  17.996 -12.446  19.813  17.374 -12.714  19.739  16.319
 -12.012  18.417  17.854 -11.160  18.088  17.258 -11.691  18.486  18.895 -13.117
  17.349  17.761 -12.719  16.406  18.137 -13.955  17.623  18.402 -13.614  17.122
  16.334 -13.020  16.390  15.552 -14.709  17.728  15.933 -15.030  17.557  14.995
 -15.203  18.363  16.556 -13.694  20.316  18.116 -14.799  20.130  17.612 -13.553
  20.981  19.267 -12.623  21.136  19.637 -14.693  21.564  19.987 -15.454  20.794
  20.123 -14.246  22.046  21.378 -13.335  22.631  21.270 -15.019  22.688  21.802
 -14.006  20.873  22.347 -14.969  20.424  22.593 -13.404  20.108  21.859 -13.299
  21.269  23.646 -12.743  22.348  23.811 -13.284  20.400  24.633 -12.818  20.659
  25.490 -13.729  19.499  24.531 -15.352  22.698  19.186 -16.578  22.727  19.066
 -14.561  23.584  18.567 -13.557  23.512  18.713 -15.075  24.656  17.693 -15.838
  25.209  18.240 -13.953  25.645  17.316 -13.120  25.103  16.869 -14.422  26.724
  16.331 -15.244  27.295  16.761 -13.592  27.394  16.109 -14.754  26.271  15.399
 -13.461  26.383  18.565 -13.016  25.684  19.271 -12.711  27.125  18.296 -14.304
  26.877  19.039 -15.760  24.080  16.451 -16.882  24.479  16.130 -15.140  23.094
  15.793 -14.210  22.819  16.098 -15.742  22.382  14.654 -16.001  23.113  13.888
 -14.735  21.389  14.037 -14.283  20.799  14.835 -15.370  20.421  13.029 -15.894
  20.979  12.252 -14.596  19.805  12.570 -16.073  19.757  13.533 -13.629  22.146
  13.290 -13.164  22.885  13.940 -12.862  21.441  12.976 -14.040  22.649  12.416
 -17.052  21.699  15.060 -18.044  21.844  14.350 -17.111  21.031  16.217 -16.259
  20.913  16.755 -18.334  20.386  16.720 -18.713  19.720  15.944 -18.038  19.527
  17.954 -17.504  20.121  18.698 -18.981  19.187  18.387 -17.267  18.392  17.597
 -17.174  17.841  18.387 -19.453  21.385  17.038 -20.605  21.122  16.685 -19.147
  22.554  17.628 -18.183  22.712  17.917 -20.146  23.621  17.856 -20.980  23.209
  18.429 -19.545  24.800  18.643 -18.592  25.095  18.199 -20.231  25.645  18.559
 -19.354  24.511  20.139 -20.287  24.133  20.558 -18.580  23.758  20.275 -18.956
  25.803  20.869 -18.076  26.223  20.378 -19.763  26.534  20.792 -18.624  25.568
  22.285 -17.633  25.506  22.513 -19.443  25.456  23.315 -20.739  25.488  23.194
 -21.154  25.589  22.285 -21.320  25.371  24.007 -18.969  25.303  24.516 -17.962
  25.304  24.670 -19.594  25.217  25.299 -20.756  24.131  16.548 -21.958  24.385
  16.501 -19.956  24.248  15.484 -18.967  24.056  15.608 -20.435  24.708  14.170
 -21.182  25.486  14.337 -19.291  25.354  13.356 -18.522  24.598  13.179 -19.843
  25.831  11.999 -20.767  26.390  12.144 -19.132  26.475  11.490 -20.050  24.974
  11.358 -18.651  26.546  14.109 -19.312  27.409  14.057 -18.517  26.302  15.160
 -17.266  26.927  13.576 -17.330  27.270  12.546 -16.852  27.728  14.189 -16.605
  26.062  13.630 -21.153  23.579  13.406 -22.191  23.820  12.792 -20.679  22.330
  13.501 -19.795  22.197  13.984 -21.329  21.140  12.913 -21.486  21.324  11.849
 -20.378  19.938  13.066 -19.402  20.213  12.661 -20.257  19.704  14.125 -20.865
  18.682  12.325 -21.804  18.339  12.761 -21.026  18.925  11.274 -19.829  17.555
  12.428 -18.888  17.900  11.993 -19.664  17.322  13.482 -20.282  16.341  11.720
 -21.181  16.375  11.264 -19.628  15.197  11.615 -18.457  15.004  12.151 -18.020
  15.747  12.670 -17.993  14.116  12.047 -20.148  14.204  10.956 -21.053  14.304
  10.522 -19.647  13.334  10.878 -22.715  20.871  13.517 -23.614  20.426  12.804
 -22.912  21.200  14.795 -22.104  21.475  15.341 -24.209  21.149  15.477 -24.697
  20.208  15.216 -23.945  21.135  16.989 -23.460  22.064  17.293 -24.889  21.035
  17.527 -23.304  20.292  17.247 -25.184  22.284  15.079 -26.369  22.215  15.413
 -24.725  23.316  14.359 -23.751  23.324  14.085 -25.560  24.406  13.853 -26.391
  24.567  14.542 -24.726  25.694  13.844 -23.929  25.626  13.106 -25.366  26.537
  13.591 -24.290  25.861  14.829 -26.153  24.028  12.478 -25.570  24.311  11.427
 -27.303  23.341  12.492 -27.702  23.132  13.397 -27.849  22.629  11.322 -27.040
  22.051  10.874 -28.946  21.643  11.780 -29.782  22.219  12.181 -29.310  21.109
  10.900 -28.528  20.599  12.835 -28.237  21.108  13.752 -29.716  19.690  13.153
 -30.022  19.146  12.259 -29.437  18.979  13.930 -30.551  20.291  13.513 -27.367
  19.717  12.368 -26.469  20.320  12.242 -27.161  18.955  13.120 -27.620  19.233
  11.425 -28.391  23.536  10.198 -28.409  23.108   9.042 -28.824  24.764  10.513
 -28.772  25.035  11.483 -29.418  25.703   9.545 -29.442  25.240   8.557 -30.877
  25.999   9.946 -30.903  26.436  10.945 -31.296  26.731   9.254 -31.773  24.770
   9.904 -31.842  24.051   8.918 -32.500  24.488  10.961 -33.102  23.679  10.924
 -32.472  25.082  11.776 -28.600  26.997   9.374 -28.326  27.402   8.243 -28.196
  27.639  10.473 -28.451  27.269  11.376 -27.371  28.850  10.468 -26.696  28.806
   9.614 -28.288  30.074  10.318 -28.990  30.121  11.152 -27.691  30.987  10.307
 -28.845  30.010   9.382 -26.505  28.954  11.737 -26.885  28.443  12.796 -25.363
  29.644  11.641 -25.157  30.080  10.745 -24.390  29.843  12.730 -24.874  29.577
  13.669 -23.176  28.898  12.564 -23.558  27.890  12.418 -22.287  29.231  11.361
 -21.795  30.194  11.494 -21.529  28.459  11.233 -22.899  29.259  10.464 -22.282
  28.872  13.809 -22.875  28.610  14.684 -21.508  28.118  13.684 -21.809  29.840
  13.968 -23.971  31.312  12.841 -23.748  31.984  11.831 -23.829  31.805  14.075
 -24.030  31.181  14.853 -23.231  33.113  14.393 -23.185  33.722  13.490 -24.087
  33.859  15.428 -24.242  33.208  16.287 -23.547  34.746  15.763 -25.446  34.303
  14.860 -25.271  35.036  14.072 -25.969  33.450  14.424 -26.345  34.939  15.931
 -25.806  35.750  16.423 -27.211  35.378  15.431 -26.829  33.940  16.910 -27.518
  33.282  16.581 -26.472  33.796  18.175 -25.623  34.584  18.770 -25.282  35.396
  18.287 -25.459  34.484  19.756 -26.966  32.824  18.880 -27.660  32.213  18.479
 -26.664  32.684  19.831 -21.799  32.921  14.884 -21.539  32.026  15.687 -20.879
  33.758  14.414 -21.189  34.492  13.784 -19.450  33.704  14.731 -19.286  33.053
  15.590 -18.665  33.141  13.524 -18.817  33.812  12.678 -17.601  33.154  13.767
 -19.052  31.715  13.083 -20.121  31.667  12.881 -18.314  31.336  11.800 -17.236
  31.353  11.961 -18.620  30.340  11.481 -18.571  32.040  11.013 -18.696  30.671
  14.138 -19.258  30.864  15.049 -18.959  29.680  13.774 -17.629  30.709  14.358
 -18.951  35.105  15.102 -19.086  36.035  14.307 -18.355  35.255  16.286 -18.240
  34.429  16.867 -17.627  36.469  16.669 -17.969  37.295  16.047 -17.916  36.824
  18.139 -18.981  36.710  18.344 -17.373  36.117  18.765 -17.484  38.252  18.520
 -16.521  38.475  18.065 -18.510  39.287  18.061 -19.464  39.118  18.561 -18.156
  40.290  18.294 -18.655  39.210  16.988 -17.343  38.390  20.034 -16.549  37.737
  20.388 -17.089  39.416  20.297 -18.280  38.119  20.521 -16.135  36.253  16.394
 -15.581  35.234  16.811 -15.495  37.185  15.690 -16.020  38.002  15.389 -14.135
  37.034  15.146 -13.643  36.237  15.697 -14.169  36.619  13.656 -13.141  36.540
  13.302 -14.819  35.245  13.455 -15.883  35.287  13.689 -14.694  34.929  12.421
 -14.336  34.517  14.103 -14.892  37.635  12.761 -14.443  38.621  12.870 -14.804
  37.329  11.720 -15.948  37.690  13.024 -13.271  38.288  15.330 -13.781  39.383
  15.562 -11.952  38.130  15.204 -11.615  37.185  15.044 -10.946  39.211  15.186
 -11.455  40.170  15.085 -10.156  39.237  16.515  -9.895  38.216  16.792  -8.861
  40.057  16.468  -9.071  41.075  16.144  -8.403  40.085  17.457  -8.149  39.596
  15.783 -11.016  39.838  17.635 -11.961  39.304  17.709 -10.494  39.758  18.588
 -11.217  40.889  17.426 -10.039  39.054  13.957  -9.622  37.943  13.623  -9.734
  40.164  13.278 -10.056  41.049  13.638  -8.902  40.184  12.064  -9.164  39.310
  11.467  -9.197  41.436  11.208  -8.830  42.311  11.744  -8.616  41.367  10.287
 -10.665  41.694  10.822 -11.537  40.800  10.918 -10.959  42.824  10.371  -7.390
  40.112  12.398  -6.970  40.626  13.443  -6.541  39.523  11.531  -6.893  38.830
  10.298  -7.547  39.432   9.668  -7.374  37.884  10.545  -5.574  38.559   9.573
  -5.325  39.409   8.935  -5.615  37.640   8.988  -4.566  38.460  10.717  -3.552
  38.689  10.385  -4.603  37.459  11.149  -5.091  39.476  11.737  -4.876  39.106
  12.741  -4.429  40.855  11.569  -4.827  41.661  10.724  -3.379  41.114  12.351
  -3.093  40.406  13.015  -2.552  42.329  12.291  -2.535  42.697  11.263  -3.180
  43.423  13.182  -4.187  43.625  12.815  -3.258  43.054  14.207  -2.379  44.736
  13.192  -1.413  44.560  13.670  -2.195  45.045  12.161  -3.106  45.872  13.929
  -4.278  46.175  13.608  -2.495  46.493  14.830  -1.099  42.020  12.702  -0.859
  41.185  13.579  -0.126  42.701  12.088  -0.382  43.383  11.386   1.303  42.625
  12.440   1.384  42.388  13.501   2.008  41.491  11.669   1.494  40.554  11.890
   2.044  41.680  10.150   2.596  42.582   9.890   2.528  40.820   9.686   1.028
  41.754   9.761   3.349  41.373  12.097   3.642  40.484  11.853   2.002  43.973
  12.227   1.563  44.793  11.416   3.100  44.203  12.951   3.410  43.463  13.566
   3.970  45.384  12.810   3.379  46.210  12.410   4.483  45.816  14.196   5.134
  45.031  14.587   5.083  46.721  14.084   3.370  46.102  15.215   2.284  46.607
  14.848   3.568  45.832  16.421   5.135  45.161  11.820   5.882  46.094  11.517
   5.303  43.939  11.304   4.638  43.222  11.569   6.320  43.581  10.305   7.231
  44.140  10.526   6.649  42.082  10.453   6.941  41.902  11.489   5.752  41.497
  10.241   7.790  41.607   9.538   7.441  41.608   8.504   8.616  42.318   9.617
   8.298  40.197   9.891   7.500  39.323  10.305   9.515  39.934   9.740   5.883
  43.955   8.872   4.694  43.905   8.540   6.833  44.318   8.001   7.794  44.336
   8.309   6.555  44.642   6.595   5.687  45.303   6.573   7.746  45.420   5.997
   7.922  46.314   6.599   8.640  44.797   6.056   7.552  45.845   4.529   8.445
  46.377   4.200   7.455  44.961   3.900   6.350  46.767   4.324   6.226  47.820
   4.935   5.411  46.417   3.472   4.638  47.049   3.327   5.476  45.538   2.951
   6.210  43.384   5.773   6.903  42.365   5.858   5.165  43.481   4.939   4.669
  44.361   4.920   4.717  42.448   3.987   5.160  41.493   4.267   3.177  42.301
   4.076   2.720  43.236   3.748   2.866  41.524   3.377   2.607  41.950   5.465
   2.857  42.735   6.177   1.086  41.853   5.373   0.801  41.061   4.680   0.673
  41.636   6.358   0.678  42.801   5.024   3.140  40.615   5.985   4.213  40.689
   6.153   2.660  40.373   6.932   2.938  39.824   5.263   5.212  42.721   2.559
   5.479  41.746   1.826   5.331  43.906   2.177  -0.519  20.453  15.386  -0.077
  19.946  14.633  -0.868  19.774  16.045   0.173  21.023  15.848  -1.636  21.279
  14.852  -2.130  21.778  15.690  -1.135  22.364  13.871  -0.572  21.875  13.074
  -1.997  22.863  13.424  -0.255  23.436  14.544  -0.850  23.945  15.306   0.583
  22.948  15.046   0.312  24.480  13.563   0.362  24.233  12.336   0.760  25.553
  14.028  -2.684  20.386  14.169  -2.352  19.285  13.722  -3.944  20.843  14.081
  -4.143  21.767  14.442  -5.068  20.147  13.413  -4.675  19.319  12.819  -6.046
  19.566  14.457  -6.383  20.362  15.124  -6.918  19.167  13.936  -5.422  18.430
  15.286  -5.052  17.657  14.610  -4.583  18.819  15.865  -6.442  17.806  16.249
  -6.803  18.571  16.940  -7.285  17.412  15.678  -5.782  16.667  17.041  -5.397
  15.925  16.335  -4.931  17.070  17.598  -6.733  16.019  17.978  -7.518  15.618
  17.487  -6.283  15.272  18.485  -7.087  16.675  18.656  -5.799  21.073  12.431
  -5.748  22.295  12.587  -6.461  20.488  11.426  -6.467  19.478  11.404  -7.131
  21.176  10.301  -7.357  22.201  10.593  -6.215  21.208   9.053  -6.037  20.183
   8.724  -6.866  21.969   7.891  -7.165  22.963   8.222  -6.161  22.050   7.062
  -7.739  21.429   7.525  -4.844  21.844   9.323  -4.284  21.247  10.041  -4.263
  21.884   8.401  -4.967  22.851   9.711  -8.444  20.466   9.935  -8.467  19.233
   9.879  -9.518  21.214   9.639  -9.428  22.226   9.690 -10.793  20.662   9.125
 -10.576  19.781   8.519 -11.738  20.244  10.265 -12.026  21.134  10.826 -12.642
  19.802   9.841 -11.142  19.314  11.153 -10.909  18.519  10.649 -11.574  21.650
   8.247 -11.604  22.849   8.530 -12.283  21.133   7.240 -12.205  20.142   7.067
 -13.341  21.851   6.516 -13.013  22.874   6.325 -13.551  21.161   5.161 -12.595
  21.089   4.640 -13.936  20.152   5.323 -14.721  22.093   4.129 -14.772  21.229
   3.116 -14.635  21.911   7.358 -14.938  20.965   8.096 -15.391  23.013   7.264
 -15.062  23.749   6.644 -16.540  23.346   8.136 -16.526  22.669   8.988 -16.377
  24.764   8.712 -16.432  25.501   7.909 -17.470  25.059   9.738 -17.460  24.308
  10.528 -17.299  26.039  10.176 -18.444  25.066   9.254 -15.035  24.920   9.440
 -14.209  24.833   8.738 -14.987  25.906   9.896 -14.935  24.156  10.211 -17.896
  23.120   7.462 -18.221  23.789   6.457 -18.641  22.249   7.955
  -5.266  46.699  20.223  -5.503  47.676  20.322  -4.350  46.561  20.626  -5.933
  46.161  20.757  -5.282  46.309  18.785  -4.556  46.936  18.262  -4.885  44.827
  18.545  -5.483  44.186  19.197  -5.125  44.554  17.515  -3.396  44.503  18.784
  -3.088  44.875  19.762  -3.279  43.417  18.788  -2.470  45.075  17.699  -2.729
  44.619  16.741  -2.614  46.155  17.627  -1.054  44.800  17.998  -0.849  44.245
  18.815  -0.005  45.226  17.321  -0.102  45.931  16.234  -1.016  46.153  15.845
   0.741  46.219  15.743   1.188  44.938  17.745   1.309  44.399  18.587   2.003
  45.288  17.247  -6.628  46.671  18.149  -6.731  47.743  17.551  -7.665  45.830
  18.280  -7.543  44.970  18.797  -9.019  46.081  17.750  -9.219  47.153  17.785
  -9.097  45.630  16.277 -10.041  45.976  15.853  -8.292  46.108  15.718  -9.014
  44.107  16.085  -8.096  43.734  16.539  -9.856  43.643  16.600  -9.064  43.558
  14.357  -7.396  44.035  13.818  -6.651  43.544  14.445  -7.245  43.728  12.783
  -7.274  45.115  13.886 -10.100  45.381  18.594  -9.800  44.441  19.336 -11.359
  45.807  18.452 -11.534  46.566  17.808 -12.527  45.119  19.020 -12.218  44.656
  19.955 -13.643  46.135  19.338 -13.938  46.623  18.408 -14.513  45.591  19.711
 -13.276  47.223  20.368 -12.412  47.785  20.016 -14.447  48.194  20.522 -15.328
  47.666  20.889 -14.182  48.983  21.225 -14.676  48.649  19.558 -12.961  46.638
  21.747 -12.060  46.029  21.699 -12.785  47.446  22.456 -13.796  46.030  22.096
 -13.042  44.006  18.075 -12.891  44.139  16.854 -13.673  42.929  18.590 -13.757
  42.552  19.996 -14.634  43.019  20.447 -12.859  42.814  20.554 -13.916  41.034
  20.000 -14.433  40.682  20.893 -12.936  40.561  19.910 -14.730  40.784  18.734
 -15.787  40.939  18.955 -14.560  39.781  18.342 -14.240  41.861  17.760 -13.437
  41.440  17.156 -15.368  42.315  16.816 -16.026  43.337  17.038 -15.614  41.510
  15.778 -15.029  40.680  15.704 -16.622  41.686  14.719 -17.220  42.575  14.928
 -15.866  41.895  13.393 -15.261  42.799  13.489 -15.191  41.052  13.236 -16.766
  42.039  12.154 -17.218  41.075  11.914 -17.561  42.754  12.371 -15.981  42.550
  10.935 -16.674  42.685  10.103 -15.571  43.533  11.174 -14.871  41.653  10.545
 -14.010  41.726  11.067 -14.831  40.810   9.529 -15.836  40.605   8.730 -16.705
  41.085   8.887 -15.724  39.972   7.949 -13.744  40.146   9.282 -12.923  40.296
   9.866 -13.708  39.521   8.496 -17.568  40.479  14.685 -17.124  39.351  14.889
 -18.861  40.705  14.443 -19.151  41.654  14.259 -19.895  39.659  14.430 -19.485
  38.764  14.898 -21.091  40.123  15.287 -20.734  40.385  16.284 -21.501  41.028
  14.835 -22.232  39.095  15.428 -22.583  38.797  14.440 -21.801  37.846  16.200
 -21.424  38.124  17.184 -22.653  37.176  16.319 -21.027  37.314  15.653 -23.406
  39.727  16.176 -23.759  40.602  15.632 -24.224  39.011  16.251 -23.096  40.026
  17.178 -20.303  39.271  13.000 -20.597  40.138  12.172 -20.369  37.966  12.739
 -20.078  37.324  13.470 -20.737  37.354  11.462 -21.093  38.122  10.773 -19.484
  36.697  10.857 -19.101  35.947  11.553 -19.742  36.204   9.920 -18.189  37.934
  10.539 -17.281  37.095  10.027 -21.868  36.324  11.650 -21.933  35.646  12.678
 -22.736  36.163  10.646 -22.647  36.752   9.830 -23.800  35.151  10.624 -23.593
  34.395  11.383 -25.134  35.820  10.985 -25.032  36.347  11.936 -25.402  36.541
  10.211 -26.441  34.565  11.130 -27.456  35.404  11.328 -23.843  34.435   9.263
 -23.839  35.086   8.214 -23.840  33.099   9.284 -23.902  32.645  10.192 -23.729
  32.216   8.118 -23.725  32.805   7.199 -22.429  31.384   8.189 -22.468  30.769
   9.087 -22.459  30.711   7.336 -21.056  32.083   8.151 -21.001  32.727   7.277
 -20.702  32.892   9.401 -20.870  32.296  10.298 -19.661  33.205   9.356 -21.300
  33.795   9.443 -19.989  30.992   8.016 -20.117  30.472   7.068 -18.994  31.431
   8.033 -20.073  30.280   8.838 -24.922  31.247   8.077 -25.356  30.767   9.123
 -25.395  30.872   6.885 -25.011  31.298   6.054 -26.429  29.839   6.700 -26.619
  29.364   7.660 -27.754  30.487   6.268 -28.008  31.264   6.991 -27.629  30.947
   5.287 -28.905  29.469   6.221 -28.716  28.747   5.425 -28.922  28.927   7.170
 -30.279  30.122   5.987 -30.372  31.181   5.323 -31.301  29.563   6.449 -25.961
  28.728   5.742 -25.393  29.005   4.686 -26.178  27.466   6.133 -26.669  27.335
   7.010 -25.605  26.262   5.510 -24.518  26.364   5.522 -25.984  25.052   6.385
 -25.732  25.278   7.421 -27.063  24.894   6.325 -25.262  23.753   5.998 -25.533
  23.476   4.978 -24.184  23.911   6.053 -25.658  22.609   6.945 -25.368  22.869
   7.966 -26.741  22.473   6.909 -24.966  21.303   6.532 -25.230  21.077   5.494
 -23.882  21.444   6.580 -25.362  20.169   7.404 -26.356  20.001   7.362 -24.902
  19.317   7.119 -25.114  20.338   8.367 -26.037  26.074   4.047 -27.214  26.233
   3.714 -25.086  25.691   3.196 -24.152  25.568   3.573 -25.280  25.315   1.789
 -26.329  25.405   1.507 -24.705  26.003   1.169 -24.821  23.876   1.485 -24.490
  23.122   2.407 -24.768  23.470   0.200 -25.106  24.270  -0.970 -24.630  25.251
  -0.944 -26.190  24.378  -1.035 -24.594  23.477  -2.171 -23.547  23.723  -2.355
 -25.195  23.662  -3.063 -24.709  22.029  -1.696 -24.026  21.372  -2.236 -25.738
  21.688  -1.825 -24.383  22.110  -0.200 -25.001  21.386   0.332 -22.908  21.773
   0.088 -22.562  20.596   0.210 -22.047  22.785   0.246 -22.393  23.724   0.098
 -20.643  22.670   0.663 -20.346  21.624   0.569 -19.751  23.472  -0.310 -18.707
  23.269  -0.066 -19.919  23.123  -1.328 -19.971  24.980  -0.286 -21.066  25.484
  -0.070 -18.941  25.754  -0.536 -19.099  26.745  -0.593 -18.032  25.352  -0.717
 -20.428  23.024   2.155 -19.362  23.514   2.540 -21.443  22.813   3.003 -22.314
  22.460   2.629 -21.411  23.171   4.425 -22.267  22.728   4.933 -20.502  22.777
   4.882 -21.465  24.687   4.617 -22.412  25.332   4.164 -20.448  25.263   5.261
 -19.718  24.669   5.651 -20.267  26.720   5.355 -21.172  27.211   5.000 -20.109
  27.112   6.830 -19.258  26.577   7.252 -19.886  28.176   6.884 -21.349  26.849
   7.671 -22.463  27.702   7.557 -22.434  28.529   6.864 -23.614  27.477   8.334
 -24.457  28.147   8.268 -23.662  26.383   9.223 -24.781  26.154   9.957 -25.548
  26.617   9.586 -22.552  25.520   9.332 -22.597  24.681  10.012 -21.400  25.752
   8.554 -20.559  25.078   8.629 -19.140  27.259   4.451 -18.928  28.472   4.396
 -18.445  26.379   3.718 -18.716  25.405   3.782 -17.407  26.712   2.735 -16.994
  25.777   2.358 -17.844  27.228   1.888 -16.233  27.524   3.291 -15.798  28.509
   2.686 -15.721  27.110   4.449 -16.141  26.303   4.887 -14.437  27.551   4.992
 -13.782  27.796   4.154 -14.603  28.825   5.834 -13.615  29.262   5.965 -15.181
  29.548   5.262 -15.223  28.681   7.213 -14.418  28.824   8.360 -13.351  28.962
   8.262 -15.001  28.819   9.639 -14.384  28.953  10.514 -16.388  28.657   9.779
 -16.836  28.665  10.761 -17.193  28.483   8.640 -18.260  28.357   8.751 -16.610
  28.493   7.359 -17.233  28.384   6.484 -13.750  26.424   5.773 -14.342  25.378
   6.042 -12.483  26.639   6.118 -12.074  27.532   5.858 -11.622  25.696   6.828
 -12.187  24.803   7.094 -10.446  25.277   5.930  -9.884  26.169   5.657  -9.787
  24.633   6.514 -10.815  24.545   4.660 -10.463  23.224   4.366 -10.981  22.967
   3.150 -10.909  22.017   2.633 -11.607  24.053   2.667 -12.116  24.095   1.779
 -11.496  25.063   3.596 -11.880  26.070   3.506 -11.106  26.330   8.118 -10.718
  27.498   8.117 -11.046  25.553   9.196 -11.316  24.580   9.090 -10.435  25.938
  10.470 -10.218  27.005  10.458 -11.406  25.654  11.631 -11.794  24.640  11.514
 -10.857  25.687  12.574 -12.588  26.634  11.727 -13.052  26.747  10.750 -13.625
  26.091  12.707 -13.165  25.933  13.682 -14.451  26.795  12.802 -14.016  25.144
  12.340 -12.158  28.014  12.229 -11.517  28.486  11.490 -13.030  28.647  12.376
 -11.616  27.922  13.170  -9.097  25.218  10.674  -8.906  24.094  10.201  -8.190
  25.858  11.412  -8.426  26.783  11.762  -6.962  25.244  11.921  -7.186  24.191
  12.094  -5.826  25.306  10.878  -5.011  24.677  11.236  -6.194  24.857   9.956
  -5.226  26.653  10.518  -4.048  26.815   9.779  -3.883  28.139   9.617  -3.058
  28.603   9.088  -4.893  28.808  10.196  -5.000  29.818  10.197  -5.748  27.890
  10.764  -6.662  28.101  11.293  -6.522  25.812  13.279  -6.842  26.951  13.637
  -5.763  25.005  14.022  -5.570  24.083  13.647  -5.031  25.432  15.220  -5.611
  26.184  15.756  -4.895  24.580  15.887  -3.653  26.025  14.898  -3.146  25.880
  13.783  -3.022  26.669  15.882  -3.471  26.727  16.785  -1.688  27.276  15.753
  -1.206  26.875  14.863  -1.830  28.794  15.533  -2.443  28.951  14.644  -2.344
  29.240  16.385  -0.474  29.491  15.339   0.087  29.456  16.275   0.098  28.941
  14.589  -0.620  30.948  14.873  -1.218  31.197  13.802  -0.093  31.861  15.549
  -0.783  26.930  16.950  -1.220  26.969  18.105   0.486  26.595  16.675   0.747
  26.534  15.692   1.498  26.198  17.670   1.202  25.236  18.091   2.847  26.012
  16.946   2.712  25.301  16.129   3.159  26.967  16.518   3.963  25.487  17.867
   4.127  26.192  18.683   3.662  24.525  18.285   5.278  25.316  17.092   5.131
  24.595  16.285   5.568  26.276  16.661   6.388  24.821  18.028   6.502  25.534
  18.849   6.088  23.860  18.456   7.680  24.671  17.314   7.991  25.548  16.928
   8.400  24.343  17.939   7.608  24.006  16.560   1.606  27.210  18.823   1.878
  28.392  18.606   1.404  26.732  20.052   1.186  25.751  20.144   1.500  27.524
  21.287   1.585  26.838  22.129   2.410  28.124  21.253   0.323  28.470  21.578
   0.393  29.220  22.555  -0.751  28.459  20.772  -0.755  27.809  19.992  -1.951
  29.301  20.956  -1.714  30.107  21.653  -2.369  29.939  19.614  -2.739  29.151
  18.955  -3.196  30.627  19.795  -1.260  30.700  18.862  -0.473  30.000  18.580
  -1.692  31.101  17.944  -0.637  31.861  19.654  -1.420  32.566  19.941  -0.152
  31.477  20.554   0.408  32.574  18.783   1.180  31.853  18.498  -0.074  32.922
  17.864   1.028  33.721  19.491   1.502  33.425  20.331   1.711  34.178  18.905
   0.341  34.413  19.747  -3.115  28.513  21.577  -3.228  27.303  21.368  -3.994
  29.204  22.313  -3.811  30.184  22.468  -5.200  28.613  22.925  -5.051  27.537
  23.034  -5.418  29.195  24.338  -5.614  30.265  24.247  -6.311  28.733  24.760
  -4.259  28.992  25.334  -3.365  29.491  24.961  -4.628  29.614  26.682  -5.494
  29.105  27.105  -3.788  29.524  27.370  -4.858  30.671  26.548  -3.937  27.515
  25.572  -3.562  27.062  24.655  -3.164  27.426  26.335  -4.830  26.984  25.901
  -6.467  28.769  22.056  -7.339  27.899  22.096  -6.559  29.843  21.261  -5.803
  30.508  21.287  -7.659  30.101  20.320  -8.600  29.773  20.766  -7.737  31.173
  20.140  -7.497  29.399  18.963  -6.422  28.887  18.638  -8.569  29.397  18.163
  -9.390  29.897  18.471  -8.645  28.738  16.848  -7.700  28.232  16.649  -9.752
  27.662  16.847 -10.724  28.159  16.839  -9.672  27.080  15.927  -9.721  26.696
  18.049  -9.991  27.245  18.952 -10.483  25.932  17.908  -8.376  26.001  18.278
  -7.603  25.732  17.369  -8.053  25.659  19.504  -7.136  25.280  19.665  -8.686
  25.878  20.272  -8.846  29.757  15.712  -9.422  30.829  15.924  -8.376  29.428
  14.504  -7.956  28.513  14.373  -8.271  30.361  13.374  -8.823  31.271  13.604
  -6.795  30.739  13.162  -6.232  29.835  12.929  -6.724  31.394  12.293  -6.122
  31.430  14.335  -5.563  30.668  15.381  -5.619  29.588  15.351  -4.941  31.307
  16.471  -4.534  30.716  17.279  -4.854  32.716  16.503  -4.266  33.351  17.551
  -3.915  32.730  18.198  -5.386  33.476  15.441  -5.296  34.552  15.462  -6.032
  32.835  14.366  -6.453  33.423  13.560  -8.856  29.784  12.077  -8.942  28.568
  11.908  -9.206  30.650  11.124  -9.140  31.641  11.341  -9.601  30.263   9.761
 -10.133  29.314   9.813 -10.580  31.298   9.156 -10.107  32.281   9.184 -10.903
  30.968   7.685 -11.388  29.997   7.605 -11.560  31.732   7.273 -10.001  30.969
   7.078 -11.866  31.347  10.016 -12.271  30.341  10.116 -11.601  31.706  11.010
 -12.980  32.258   9.489 -13.430  31.828   8.595 -13.751  32.355  10.253 -12.580
  33.245   9.260  -8.353  30.040   8.895  -7.483  30.909   8.809  -8.280  28.890
   8.216  -9.057  28.246   8.331  -7.203  28.529   7.277  -6.268  28.981   7.614
  -7.033  26.998   7.276  -6.936  26.645   8.302  -7.924  26.540   6.850  -5.794
  26.548   6.479  -5.812  26.973   5.476  -4.901  26.915   6.985  -5.700  25.022
   6.356  -4.701  24.759   6.000  -5.814  24.582   7.348  -6.716  24.469   5.430
  -7.526  24.028   5.832  -6.630  24.403   4.111  -5.599  24.843   3.450  -4.814
  25.225   3.947  -5.563  24.751   2.449  -7.592  23.883   3.411  -8.435  23.536
   3.850  -7.489  23.806   2.414  -7.461  29.046   5.859  -6.540  29.531   5.204
  -8.703  28.911   5.390  -9.402  28.550   6.024  -9.132  29.176   4.013  -8.603
  30.052   3.633  -8.770  27.943   3.151  -7.689  27.798   3.185  -9.231  27.067
   3.604  -9.209  27.988   1.674 -10.288  28.128   1.614  -8.511  29.107   0.898
  -7.429  28.979   0.950  -8.823  29.076  -0.146  -8.777  30.080   1.303  -8.873
  26.660   0.997  -9.386  25.847   1.509  -9.205  26.682  -0.041  -7.797  26.485
   1.027 -10.641  29.458   3.978 -11.391  28.854   4.743 -11.091  30.318   3.063
 -10.420  30.766   2.455 -12.514  30.538   2.749 -13.118  29.805   3.282 -12.986
  31.935   3.197 -12.439  32.698   2.641 -14.482  32.118   2.936 -15.043  31.339
   3.448 -14.804  33.095   3.296 -14.687  32.061   1.869 -12.745  32.162   4.695
 -11.678  32.144   4.908 -13.138  33.132   4.989 -13.244  31.391   5.277 -12.733
  30.316   1.250 -11.960  30.814   0.429 -13.755  29.541   0.887 -14.388  29.197
   1.600 -13.988  29.085  -0.491 -13.014  29.000  -0.969 -14.605  27.674  -0.482
 -15.603  27.715  -0.042 -14.694  27.336  -1.515 -13.741  26.666   0.301 -12.703
  26.777  -0.025 -13.783  26.901   1.367 -14.163  25.201   0.101 -15.302  24.918
  -0.336 -13.335  24.305   0.391 -14.843  30.077  -1.318 -15.697  30.763  -0.747
 -14.664  30.165  -2.655 -13.657  29.480  -3.459 -14.026  28.493  -3.741 -12.700
  29.392  -2.946 -13.471  30.340  -4.707 -13.143  29.748  -5.562 -12.762  31.144
  -4.499 -14.864  30.926  -4.920 -15.484  30.194  -5.440 -14.826  31.860  -5.481
 -15.371  31.143  -3.489 -15.066  32.139  -3.165 -16.901  31.037  -3.407 -17.479
  29.967  -3.622 -17.565  32.159  -3.118 -17.020  32.996  -2.925 -19.025  32.274
  -3.038 -19.280  33.331  -2.965 -19.464  31.881  -3.956 -19.678  31.556  -1.848
 -20.894  31.346  -1.868 -18.908  31.146  -0.834 -17.914  31.345  -0.856 -19.426
  30.400   0.318 -20.059  29.602  -0.066 -18.276  29.747   1.087 -18.703  29.053
   1.805 -17.642  29.192   0.395 -17.496  30.677   1.808 -16.704  30.191   2.091
 -20.259  31.254   1.284 -20.138  32.482   1.289 -21.054  30.628   2.177 -21.487
  29.236   2.136 -20.692  28.584   2.493 -21.796  28.940   1.133 -22.678  29.156
   3.086 -22.787  28.161   3.519 -23.587  29.449   2.558 -22.327  30.206   4.138
 -21.606  29.785   4.840 -23.209  30.568   4.666 -21.676  31.316   3.308 -22.449
  31.985   2.929 -20.684  32.127   4.152 -21.016  33.223   4.597 -19.457  31.633
   4.336 -19.238  30.715   3.967 -18.398  32.353   5.039 -18.800  32.732   5.979
 -17.297  31.345   5.365 -16.995  30.819   4.461 -16.435  31.851   5.797 -17.682
  30.620   6.078 -17.869  33.573   4.262 -17.661  34.627   4.866 -17.706  33.486
   2.937 -17.874  32.597   2.474 -17.318  34.645   2.117 -16.453  35.118   2.586
 -16.899  34.195   0.706 -16.128  33.432   0.796 -17.753  33.765   0.180 -16.333
  35.373  -0.104 -17.150  36.040  -0.389 -15.647  35.940   0.530 -15.585  34.914
  -1.363 -16.238  34.544  -2.365 -14.333  34.970  -1.385 -18.436  35.701   2.064
 -18.173  36.899   2.193 -19.696  35.257   1.966 -19.823  34.254   1.840 -20.902
  36.103   2.029 -20.809  36.913   1.304 -22.128  35.250   1.657 -22.126  34.337
   2.255 -23.039  35.806   1.885 -22.136  34.898   0.159 -22.325  35.807  -0.414
 -21.164  34.501  -0.137 -23.209  33.852  -0.170 -22.976  32.925   0.357 -24.186
  34.215   0.155 -23.231  33.598  -1.684 -23.530  34.520  -2.191 -22.218  33.349
  -2.014 -24.156  32.497  -2.050 -25.096  32.685  -1.737 -24.187  32.375  -3.051
 -23.856  31.621  -1.650 -21.080  36.773   3.398 -21.572  37.901   3.462 -20.624
  36.131   4.475 -20.333  35.168   4.359 -20.549  36.704   5.821 -21.430  37.328
   5.976 -20.612  35.555   6.833 -19.731  34.921   6.736 -20.656  35.959   7.843
 -21.510  34.962   6.656 -19.316  37.610   6.055 -19.224  38.251   7.104 -18.380
  37.694   5.100 -18.501  37.144   4.258 -17.200  38.565   5.174 -16.847  38.744
   4.158 -17.482  39.526   5.604 -16.020  37.999   5.977 -15.250  38.774   6.554
 -15.876  36.671   6.047 -16.554  36.092   5.562 -14.716  35.990   6.640 -14.326
  36.597   7.457 -15.150  34.630   7.220 -15.558  34.029   6.408 -14.267  34.115
   7.595 -16.189  34.713   8.354 -17.061  35.277   8.025 -16.649  33.308   8.732
 -15.800  32.693   9.025 -17.351  33.365   9.560 -17.144  32.850   7.879 -15.616
  35.370   9.611 -15.381  36.413   9.408 -16.345  35.329  10.420 -14.708  34.854
   9.920 -13.570  35.822   5.625 -13.810  35.692   4.422 -12.327  35.786   6.118
 -12.214  35.916   7.121 -11.092  35.576   5.345 -11.336  35.095   4.397 -10.419
  36.939   5.056 -10.258  37.443   6.010  -9.437  36.766   4.614 -11.190  37.895
   4.124 -12.198  38.057   4.503 -10.479  39.249   4.080  -9.466  39.130   3.695
 -11.031  39.934   3.436 -10.437  39.674   5.083 -11.265  37.365   2.689 -11.832
  36.436   2.664 -11.775  38.092   2.057 -10.263  37.190   2.298 -10.112  34.639
   6.084 -10.260  34.361   7.276  -9.079  34.163   5.380  -8.986  34.438   4.414
  -7.983  33.398   5.980  -8.406  32.535   6.496  -7.071  32.880   4.861  -6.639
  33.717   4.311  -6.263  32.288   5.293  -7.640  32.252   4.175  -7.195  34.230
   7.016  -6.941  35.421   6.816  -6.788  33.592   8.117  -7.016  32.607   8.213
  -6.060  34.212   9.231  -5.458  33.444   9.717  -5.382  34.972   8.842  -6.939
  34.866  10.308  -6.407  35.298  11.331  -8.264  34.923  10.128  -8.653  34.556
   9.271  -9.197  35.421  11.152  -8.846  36.396  11.494 -10.617  35.608  10.579
 -10.952  34.646  10.186 -11.281  35.870  11.406 -10.771  36.686   9.485  -9.850
  37.507   9.268 -11.858  36.747   8.863  -9.239  34.491  12.380  -9.268  33.266
  12.243  -9.267  35.077  13.581  -9.291  36.093  13.597  -9.345  34.388  14.881
  -8.931  33.382  14.792  -8.502  35.191  15.888  -7.496  35.301  15.487  -8.928
  36.191  15.983  -8.413  34.559  17.287  -9.408  34.508  17.731  -8.006  33.549
  17.206  -7.503  35.407  18.189  -6.497  35.413  17.764  -7.861  36.438  18.198
  -7.434  34.878  19.567  -6.740  34.171  19.751  -8.152  35.253  20.613  -9.064
  36.179  20.569  -9.219  36.698  19.727  -9.562  36.391  21.428  -7.971  34.708
  21.776  -7.250  34.022  21.919  -8.541  35.040  22.544 -10.800  34.276  15.333
 -11.512  35.276  15.297 -11.238  33.106  15.801 -10.589  32.326  15.833 -12.570
  32.925  16.396 -13.254  33.646  15.945 -13.128  31.518  16.098 -12.324  30.782
  16.140 -13.843  31.269  16.884 -13.877  31.408  14.754 -14.669  32.155  14.728
 -12.975  31.604  13.535 -12.131  30.916  13.577 -13.546  31.426  12.625 -12.605
  32.628  13.506 -14.526  30.029  14.635 -15.196  29.862  15.479 -15.107  29.971
  13.715 -13.757  29.259  14.625 -12.549  33.232  17.902 -11.639  32.821  18.626
 -13.583  33.940  18.360 -14.265  34.250  17.675 -13.775  34.413  19.742 -12.915
  34.124  20.346 -13.887  35.954  19.778 -14.797  36.256  19.260 -13.959  36.494
  21.211 -13.046  36.241  21.746 -14.071  37.578  21.195 -14.809  36.070  21.742
 -12.702  36.642  19.088 -12.699  36.414  18.022 -12.787  37.721  19.206 -11.768
  36.302  19.532 -15.011  33.769  20.376 -14.939  33.279  21.501 -16.131  33.707
  19.646 -16.113  34.076  18.702 -17.373  33.056  20.092 -17.121  32.342  20.872
 -18.388  34.066  20.672 -18.797  34.660  19.856 -19.212  33.499  21.107 -17.833
  35.013  21.749 -17.313  34.426  22.503 -17.107  35.684  21.290 -18.918  35.854
  22.444 -20.001  36.103  21.865 -18.686  36.306  23.588 -18.060  32.279  18.959
 -17.968  32.663  17.792 -18.813  31.234  19.319 -18.837  30.993  20.308 -19.733
  30.500  18.431 -19.796  31.020  17.475 -19.246  29.062  18.152 -19.245  28.499
  19.087 -20.177  28.348  17.161 -20.257  28.921  16.237 -19.784  27.360  16.930
 -21.170  28.224  17.594 -17.823  29.018  17.579 -17.120  29.453  18.286 -17.531
  27.985  17.390 -17.774  29.581  16.650 -21.127  30.494  19.064 -21.279  30.098
  20.219 -22.145  30.965  18.337 -21.945  31.247  17.381 -23.529  31.143  18.816
 -24.021  31.790  18.091 -24.283  29.797  18.773 -23.778  29.084  19.425 -25.297
  29.930  19.149 -24.400  29.213  17.375 -24.526  29.917  16.381 -24.375  27.907
  17.251 -24.485  27.510  16.334 -24.293  27.320  18.066 -23.666  31.914  20.155
 -24.643  31.740  20.888 -22.702  32.787  20.473 -21.950  32.913  19.812 -22.639
  33.560  21.722 -22.145  34.509  21.515 -23.650  33.781  22.065 -21.887  32.890
  22.884 -21.777  33.488  23.955 -21.350  31.679  22.703 -21.466  31.223  21.803
 -20.482  30.999  23.678 -20.658  31.410  24.672 -20.798  29.491  23.723 -20.570
  29.053  22.750 -20.141  29.019  24.454 -22.258  29.144  24.073 -22.910  29.514
  23.278 -22.353  28.056  24.084 -22.736  29.693  25.429 -21.918  29.872  26.361
 -23.959  29.911  25.599 -19.002  31.228  23.336 -18.593  31.027  22.192 -18.186
  31.644  24.311 -18.562  31.765  25.240 -16.766  31.951  24.098 -16.687  32.542
  23.188 -16.258  32.822  25.264 -16.915  33.685  25.376 -16.294  32.249  26.191
 -14.830  33.313  25.066 -13.880  32.542  25.082 -14.629  34.598  24.892 -13.677
  34.927  24.743 -15.406  35.238  24.873 -15.924  30.681  23.869 -16.077  29.683
  24.580 -15.017  30.735  22.886 -14.944  31.606  22.366 -14.177  29.606  22.443
 -14.342  28.777  23.127 -14.596  29.097  21.047 -13.979  28.231  20.823 -16.054
  28.625  21.022 -16.733  29.471  21.119 -16.257  28.110  20.084 -16.229  27.933
  21.845 -14.398  30.122  19.923 -13.372  30.489  19.921 -14.599  29.651  18.961
 -15.081  30.958  20.054 -12.666  29.879  22.514 -11.873  29.074  22.032 -12.230
  30.974  23.147 -12.916  31.583  23.585 -10.818  31.412  23.165 -10.468  31.478
  22.133 -10.716  32.814  23.785 -11.126  32.794  24.796  -9.663  33.090  23.855
 -11.433  33.888  22.958 -11.050  33.866  21.935 -12.503  33.679  22.921 -11.191
  35.272  23.571 -11.987  35.703  24.437 -10.188  35.929  23.200  -9.844  30.455
  23.888  -8.627  30.607  23.758 -10.366  29.467  24.631 -11.373  29.453  24.714
  -9.604  28.375  25.272  -8.590  28.391  24.874  -9.511  28.610  26.795 -10.515
  28.618  27.223  -8.954  27.786  27.244  -8.790  29.921  27.158  -7.816  29.941
  26.667  -9.378  30.771  26.809  -8.591  30.046  28.675  -9.566  30.027  29.168
  -7.996  29.203  29.033  -7.872  31.360  29.010  -6.905  31.376  28.498  -8.468
  32.195  28.627  -7.669  31.519  30.471  -7.107  30.772  30.849  -7.199  32.387
  30.677  -8.548  31.527  30.965 -10.131  26.969  24.922  -9.765  25.994  25.579
 -10.992  26.847  23.909 -11.174  27.667  23.342 -11.523  25.563  23.417 -11.433
  24.813  24.205 -13.021  25.688  23.091 -13.180  26.487  22.366 -13.344  24.750
  22.642 -13.859  25.951  24.357 -13.458  25.345  25.173 -13.752  27.001  24.642
 -15.352  25.610  24.197 -15.863  25.467  23.066 -16.062  25.482  25.222 -10.721
  25.021  22.221 -10.032  25.772  21.525 -10.781  23.707  21.988 -11.408  23.140
  22.552  -9.990  23.028  20.945  -8.994  23.469  20.946  -9.800  21.525  21.229
  -9.037  21.148  20.547  -9.337  21.229  22.656 -10.118  21.480  23.373  -9.095
  20.170  22.748  -8.443  21.812  22.877 -10.984  20.798  20.996 -10.802  19.886
  21.257 -10.567  23.219  19.539 -11.742  23.542  19.362  -9.749  22.955  18.513
  -8.780  22.753  18.714 -10.174  22.929  17.104 -10.465  23.929  16.782  -8.976
  22.475  16.253  -8.223  23.263  16.249  -8.529  21.588  16.706  -9.327  22.141
  14.827  -9.692  23.060  13.842  -9.972  22.327  12.752 -10.307  22.736  11.808
  -9.792  21.018  13.003  -9.945  20.260  12.349  -9.390  20.881  14.310  -9.189
  19.957  14.839 -11.404  22.031  16.889 -12.390  22.465  16.294 -11.393  20.817
  17.452 -10.573  20.528  17.962 -12.531  19.899  17.367 -12.814  19.818  16.316
 -12.108  18.503  17.857 -11.270  18.155  17.251 -11.770  18.578  18.891 -13.229
  17.449  17.793 -12.838  16.504  18.172 -14.053  17.742  18.445 -13.753  17.215
  16.377 -13.180  16.472  15.590 -14.851  17.826  15.990 -15.192  17.648  15.061
 -15.327  18.473  16.616 -13.764  20.423  18.121 -14.876  20.258  17.627 -13.602
  21.082  19.273 -12.666  21.221  19.635 -14.726  21.675  20.009 -15.495  20.914
  20.148 -14.259  22.141  21.398 -13.341  22.715  21.285 -15.019  22.789  21.835
 -14.024  20.958  22.356 -14.991  20.520  22.608 -13.437  20.188  21.857 -13.299
  21.335  23.651 -12.714  22.398  23.814 -13.302  20.465  24.638 -12.823  20.711
  25.492 -13.771  19.576  24.538 -15.380  22.824  19.224 -16.607  22.876  19.131
 -14.586  23.695  18.589 -13.581  23.606  18.718 -15.094  24.773  17.720 -15.832
  25.348  18.279 -13.958  25.732  17.311 -13.141  25.164  16.866 -14.412  26.802
  16.311 -15.213  27.403  16.739 -13.568  27.445  16.065 -14.768  26.341  15.391
 -13.437  26.483  18.540 -13.014  25.787  19.263 -12.663  27.192  18.250 -14.261
  27.019  19.002 -15.819  24.207  16.496 -16.939  24.627  16.200 -15.231  23.208
  15.825 -14.299  22.916  16.109 -15.875  22.503  14.704 -16.141  23.237  13.943
 -14.906  21.488  14.062 -14.442  20.891  14.847 -15.595  20.533  13.077 -16.133
  21.101  12.317 -14.850  19.901  12.592 -16.294  19.884  13.604 -13.808  22.221
  13.278 -13.306  22.948  13.915 -13.066  21.502  12.932 -14.239  22.736  12.420
 -17.186  21.847  15.146 -18.196  22.014  14.467 -17.223  21.176  16.302 -16.357
  21.040  16.814 -18.441  20.547  16.836 -18.847  19.886  16.071 -18.126  19.686
  18.064 -17.574  20.276  18.798 -19.063  19.352  18.514 -17.369  18.545  17.693
 -17.277  17.987  18.479 -19.539  21.560  17.181 -20.702  21.311  16.857 -19.204
  22.726  17.762 -18.232  22.873  18.026 -20.187  23.801  18.022 -21.012  23.390
  18.608 -19.556  24.961  18.814 -18.606  25.249  18.358 -20.232  25.816  18.755
 -19.345  24.645  20.302 -20.274  24.264  20.728 -18.573  23.887  20.413 -18.931
  25.921  21.050 -18.059  26.348  20.552 -19.737  26.656  21.001 -18.575  25.658
  22.455 -17.581  25.585  22.664 -19.376  25.530  23.498 -20.674  25.565  23.401
 -21.105  25.679  22.501 -21.241  25.435  24.222 -18.880  25.355  24.687 -17.870
  25.355  24.822 -19.491  25.257  25.480 -20.824  24.337  16.736 -22.005  24.684
  16.751 -20.079  24.372  15.628 -19.101  24.113  15.706 -20.600  24.787  14.315
 -21.306  25.605  14.470 -19.464  25.331  13.417 -18.713  24.547  13.294 -20.028
  25.692  12.030 -20.944  26.273  12.133 -19.316  26.281  11.458 -20.248  24.785
  11.467 -18.784  26.565  14.057 -19.436  27.432  13.959 -18.621  26.394  15.119
 -17.408  26.886  13.459 -17.504  27.182  12.417 -16.954  27.706  14.016 -16.762
  26.010  13.530 -21.393  23.648  13.650 -22.511  23.865  13.182 -20.864  22.417
  13.660 -19.935  22.316  14.060 -21.481  21.214  13.064 -21.708  21.429  12.018
 -20.448  20.072  13.114 -19.512  20.434  12.683 -20.262  19.798  14.154 -20.877
  18.820  12.332 -21.757  18.378  12.799 -21.119  19.102  11.306 -19.752  17.777
  12.313 -18.868  18.219  11.847 -19.506  17.505  13.343 -20.149  16.567  11.566
 -21.079  16.545  11.176 -19.409  15.494  11.348 -18.189  15.380  11.791 -17.782
  16.131  12.322 -17.659  14.545  11.602 -19.887  14.495  10.668 -20.827  14.534
  10.303 -19.318  13.679  10.504 -22.814  20.826  13.721 -23.669  20.236  13.061
 -23.022  21.196  14.987 -22.241  21.587  15.496 -24.285  21.015  15.706 -24.607
  19.979  15.580 -24.015  21.245  17.199 -23.672  22.267  17.365 -24.930  21.078
  17.769 -23.254  20.547  17.551 -25.444  21.908  15.201 -26.602  21.637  15.529
 -25.172  22.955  14.409 -24.212  23.135  14.142 -26.205  23.817  13.829 -26.966
  24.001  14.590 -25.583  25.171  13.465 -24.839  25.042  12.679 -26.360  25.844
  13.105 -25.110  25.613  14.343 -26.896  23.156  12.617 -26.239  22.535  11.777
 -28.223  23.311  12.504 -28.707  23.811  13.237 -29.018  22.714  11.417 -28.563
  21.764  11.131 -30.450  22.419  11.909 -30.920  23.361  12.198 -31.020  22.010
  11.074 -30.555  21.436  13.093 -30.013  21.835  13.950 -32.023  21.273  13.491
 -32.593  20.854  12.661 -32.100  20.610  14.352 -32.440  22.243  13.761 -30.001
  20.048  12.761 -28.928  20.108  12.583 -30.168  19.375  13.601 -30.495  19.649
  11.875 -29.035  23.572  10.137 -29.014  23.021   9.036 -29.049  24.905  10.272
 -29.050  25.273  11.212 -29.011  25.859   9.155 -28.566  25.371   8.284 -30.443
  26.291   8.771 -30.987  26.615   9.659 -30.392  27.139   8.087 -31.227  25.201
   8.059 -30.862  24.745   6.984 -32.338  24.762   8.606 -32.859  24.047   8.121
 -32.668  25.147   9.478 -28.110  27.068   9.461 -27.051  27.209   8.846 -28.495
  27.933  10.404 -29.355  27.760  10.901 -27.781  29.178  10.705 -27.198  29.451
   9.830 -28.803  30.302  10.913 -29.420  30.092  11.787 -28.280  31.248  11.065
 -29.440  30.392  10.032 -26.800  29.049  11.889 -27.098  28.384  12.884 -25.650
  29.725  11.797 -25.479  30.251  10.943 -24.620  29.820  12.850 -25.087  29.580
  13.805 -23.492  28.786  12.619 -23.954  27.802  12.528 -22.677  29.043  11.346
 -22.087  29.955  11.442 -22.007  28.205  11.159 -23.351  29.142  10.498 -22.502
  28.723  13.789 -23.036  28.506  14.712 -21.783  27.925  13.616 -21.962  29.664
  13.896 -24.081  31.251  12.951 -23.859  31.913  11.934 -23.848  31.728  14.178
 -24.041  31.111  14.964 -23.216  33.026  14.470 -23.171  33.621  13.557 -24.047
  33.806  15.502 -24.202  33.174  16.375 -23.487  34.690  15.815 -25.405  34.265
  14.943 -25.226  34.980  14.138 -25.949  33.415  14.530 -26.277  34.939  16.013
 -25.714  35.747  16.483 -27.139  35.387  15.516 -26.768  33.969  17.016 -27.471
  33.315  16.706 -26.403  33.843  18.280 -25.540  34.631  18.855 -25.195  35.432
  18.355 -25.369  34.546  19.841 -26.904  32.889  19.005 -27.606  32.280  18.619
 -26.597  32.760  19.956 -21.779  32.827  14.944 -21.510  31.917  15.727 -20.869
  33.685  14.491 -21.189  34.427  13.876 -19.443  33.661  14.824 -19.275  33.013
  15.683 -18.628  33.122  13.626 -18.790  33.789  12.778 -17.568  33.166  13.882
 -18.966  31.686  13.180 -20.030  31.606  12.957 -18.188  31.328  11.914 -17.115
  31.370  12.103 -18.463  30.327  11.586 -18.440  32.030  11.123 -18.599  30.657
  14.245 -19.188  30.832  15.142 -18.819  29.657  13.879 -17.540  30.733  14.490
 -18.972  35.070  15.200 -19.163  36.008  14.425 -18.328  35.220  16.359 -18.172
  34.390  16.924 -17.603  36.442  16.722 -17.959  37.261  16.098 -17.875  36.807
  18.193 -18.936  36.682  18.413 -17.315  36.112  18.816 -17.457  38.243  18.555
 -16.505  38.477  18.081 -18.506  39.260  18.107 -19.446  39.086  18.631 -18.158
  40.271  18.318 -18.675  39.167  17.039 -17.291  38.393  20.066 -16.483  37.752
  20.410 -17.048  39.424  20.319 -18.216  38.112  20.569 -16.114  36.235  16.427
 -15.550  35.217  16.835 -15.485  37.172  15.718 -16.017  37.987  15.425 -14.128
  37.026  15.163 -13.628  36.232  15.710 -14.172  36.611  13.674 -13.146  36.527
  13.315 -14.828  35.239  13.476 -15.891  35.286  13.709 -14.703  34.920  12.443
 -14.348  34.511  14.126 -14.894  37.630  12.782 -14.434  38.611  12.882 -14.821
  37.319  11.741 -15.947  37.698  13.057 -13.266  38.282  15.338 -13.777  39.376
  15.575 -11.947  38.128  15.200 -11.610  37.183  15.034 -10.943  39.209  15.178
 -11.452  40.168  15.077 -10.149  39.237  16.505  -9.879  38.217  16.778  -8.860
  40.065  16.454  -9.078  41.083  16.133  -8.396  40.093  17.440  -8.149  39.612
  15.764 -11.008  39.828  17.631 -11.948  39.286  17.708 -10.481  39.749  18.582
 -11.219  40.878  17.427 -10.037  39.052  13.949  -9.620  37.940  13.616  -9.733
  40.160  13.268 -10.058  41.046  13.623  -8.900  40.177  12.054  -9.160  39.301
  11.460  -9.195  41.425  11.192  -8.829  42.302  11.725  -8.612  41.352  10.273
 -10.662  41.682  10.801 -11.542  40.801  10.931 -10.946  42.800  10.314  -7.388
  40.109  12.390  -6.968  40.632  13.429  -6.539  39.511  11.528  -6.891  38.814
  10.297  -7.544  39.414   9.664  -7.374  37.869  10.548  -5.572  38.539   9.574
  -5.322  39.386   8.934  -5.614  37.618   8.991  -4.565  38.440  10.720  -3.551
  38.666  10.388  -4.606  37.442  11.155  -5.090  39.462  11.735  -4.876  39.096
  12.740  -4.426  40.839  11.563  -4.822  41.644  10.716  -3.375  41.096  12.344
  -3.090  40.388  13.007  -2.551  42.313  12.288  -2.536  42.685  11.261  -3.181
  43.402  13.183  -4.191  43.600  12.820  -3.254  43.031  14.207  -2.387  44.719
  13.191  -1.414  44.545  13.657  -2.216  45.033  12.159  -3.111  45.847  13.941
  -4.288  46.145  13.636  -2.492  46.469  14.836  -1.097  42.005  12.695  -0.853
  41.164  13.566  -0.126  42.691  12.083  -0.385  43.376  11.385   1.304  42.619
  12.432   1.387  42.379  13.493   2.013  41.490  11.657   1.502  40.551  11.873
   2.050  41.685  10.139   2.598  42.592   9.883   2.539  40.831   9.672   1.035
  41.757   9.748   3.354  41.375  12.085   3.649  40.486  11.844   2.000  43.970
  12.225   1.558  44.792  11.418   3.098  44.199  12.949   3.410  43.455  13.559
   3.968  45.379  12.811   3.378  46.206  12.412   4.481  45.807  14.198   5.138
  45.024  14.584   5.075  46.716  14.090   3.368  46.080  15.219   2.282  46.587
  14.857   3.566  45.797  16.423   5.134  45.157  11.821   5.883  46.088  11.520
   5.298  43.936  11.302   4.630  43.221  11.565   6.316  43.574  10.305   7.227
  44.133  10.527   6.643  42.076  10.458   6.931  41.898  11.496   5.746  41.491
  10.245   7.787  41.598   9.549   7.443  41.597   8.514   8.615  42.307   9.633
   8.289  40.187   9.907   7.487  39.315  10.318   9.507  39.920   9.763   5.881
  43.945   8.870   4.693  43.905   8.539   6.834  44.296   7.998   7.796  44.308
   8.306   6.561  44.613   6.589   5.697  45.279   6.562   7.758  45.378   5.989
   7.940  46.273   6.586   8.647  44.748   6.052   7.569  45.797   4.518   8.468
  46.316   4.185   7.462  44.910   3.894   6.378  46.730   4.307   6.264  47.787
   4.915   5.436  46.388   3.456   4.669  47.027   3.310   5.492  45.508   2.937
   6.207  43.352   5.774   6.890  42.327   5.869   5.168  43.454   4.934   4.682
  44.338   4.905   4.717  42.420   3.984   5.158  41.464   4.266   3.177  42.276
   4.074   2.722  43.213   3.748   2.864  41.501   3.373   2.607  41.924   5.462
   2.862  42.707   6.177   1.086  41.833   5.372   0.797  41.045   4.676   0.672
  41.615   6.356   0.681  42.785   5.027   3.134  40.585   5.979   4.208  40.653
   6.147   2.654  40.343   6.926   2.928  39.797   5.255   5.212  42.688   2.555
   5.480  41.710   1.826   5.333  43.872   2.170  -0.380  20.598  15.319   0.071
  20.086  14.576  -0.728  19.924  15.984   0.304  21.178  15.780  -1.500  21.411
  14.769  -2.004  21.911  15.600  -1.001  22.492  13.785  -0.424  22.005  12.997
  -1.863  22.979  13.327  -0.139  23.577  14.461  -0.744  24.073  15.223   0.708
  23.103  14.961   0.408  24.633  13.482   0.473  24.386  12.256   0.822  25.719
  13.949  -2.536  20.505  14.085  -2.192  19.403  13.647  -3.800  20.950  13.990
  -4.007  21.876  14.341  -4.921  20.231  13.342  -4.521  19.412  12.739  -5.865
  19.630  14.404  -6.214  20.422  15.070  -6.734  19.202  13.900  -5.199  18.518
  15.234  -4.825  17.746  14.560  -4.361  18.933  15.793  -6.186  17.883  16.224
  -6.559  18.651  16.906  -7.026  17.454  15.674  -5.480  16.781  17.025  -5.092
  16.032  16.328  -4.628  17.219  17.554  -6.393  16.133  17.998  -7.180  15.704
  17.536  -5.914  15.408  18.511  -6.747  16.796  18.670  -5.693  21.142  12.376
  -5.668  22.363  12.536  -6.364  20.543  11.386  -6.345  19.534  11.363  -7.077
  21.212  10.274  -7.299  22.240  10.557  -6.198  21.230   9.000  -6.002  20.200
   8.697  -6.893  21.938   7.829  -7.225  22.929   8.141  -6.205  22.025   6.988
  -7.750  21.356   7.489  -4.839  21.911   9.217  -4.250  21.357   9.947  -4.277
  21.928   8.283  -4.980  22.930   9.567  -8.398  20.487   9.965  -8.441  19.257
  10.033  -9.472  21.208   9.605  -9.390  22.222   9.585 -10.705  20.609   9.045
 -10.412  19.804   8.368 -11.563  19.991  10.160 -10.940  19.363  10.797 -12.002
  20.787  10.765 -12.591  19.187   9.610 -13.087  18.784  10.338 -11.561  21.601
   8.237 -11.549  22.805   8.506 -12.339  21.093   7.275 -12.332  20.089   7.168
 -13.372  21.833   6.540 -13.039  22.860   6.392 -13.531  21.190   5.154 -12.559
  21.153   4.659 -13.903  20.169   5.268 -14.690  22.141   4.127 -14.703  21.312
   3.084 -14.698  21.869   7.330 -15.085  20.872   7.950 -15.397  23.012   7.319
 -15.024  23.781   6.768 -16.544  23.325   8.202 -16.510  22.642   9.049 -16.398
  24.741   8.785 -16.506  25.482   7.991 -17.457  24.994   9.857 -17.378  24.250
  10.650 -17.313  25.985  10.282 -18.450  24.951   9.420 -15.034  24.935   9.460
 -14.234  24.896   8.723 -15.006  25.912   9.936 -14.872  24.159  10.208 -17.903
  23.087   7.541 -18.213  23.704   6.499 -18.668  22.262   8.084
