Cpptraj Generated trajectory                                                    
  -0.519  20.453  15.386  -0.077  19.946  14.633  -0.868  19.774  16.045   0.173
  21.023  15.848  -1.636  21.279  14.852  -2.130  21.778  15.690  -1.135  22.364
  13.871  -0.572  21.875  13.074  -1.997  22.863  13.424  -0.255  23.436  14.544
  -0.850  23.945  15.306   0.583  22.948  15.046   0.312  24.480  13.563   0.362
  24.233  12.336   0.760  25.553  14.028  -2.684  20.386  14.169  -2.352  19.285
  13.722  -3.944  20.843  14.081  -4.143  21.767  14.442  -5.068  20.147  13.413
  -4.675  19.319  12.819  -6.046  19.566  14.457  -6.383  20.362  15.124  -6.918
  19.167  13.936  -5.422  18.430  15.286  -5.052  17.657  14.610  -4.583  18.819
  15.865  -6.442  17.806  16.249  -6.803  18.571  16.940  -7.285  17.412  15.678
  -5.782  16.667  17.041  -5.397  15.925  16.335  -4.931  17.070  17.598  -6.733
  16.019  17.978  -7.518  15.618  17.487  -6.283  15.272  18.485  -7.087  16.675
  18.656  -5.799  21.073  12.431  -5.748  22.295  12.587  -6.461  20.488  11.426
  -6.467  19.478  11.404  -7.131  21.176  10.301  -7.357  22.201  10.593  -6.215
  21.208   9.053  -6.037  20.183   8.724  -6.866  21.969   7.891  -7.165  22.963
   8.222  -6.161  22.050   7.062  -7.739  21.429   7.525  -4.844  21.844   9.323
  -4.284  21.247  10.041  -4.263  21.884   8.401  -4.967  22.851   9.711  -8.444
  20.466   9.935  -8.467  19.233   9.879  -9.518  21.214   9.639  -9.428  22.226
   9.690 -10.793  20.662   9.125 -10.576  19.781   8.519 -11.738  20.244  10.265
 -12.026  21.134  10.826 -12.642  19.802   9.841 -11.142  19.314  11.153 -10.909
  18.519  10.649 -11.574  21.650   8.247 -11.604  22.849   8.530 -12.283  21.133
   7.240 -12.205  20.142   7.067 -13.341  21.851   6.516 -13.013  22.874   6.325
 -13.551  21.161   5.161 -12.595  21.089   4.640 -13.936  20.152   5.323 -14.721
  22.093   4.129 -14.772  21.229   3.116 -14.635  21.911   7.358 -14.938  20.965
   8.096 -15.391  23.013   7.264 -15.062  23.749   6.644 -16.540  23.346   8.136
 -16.526  22.669   8.988 -16.377  24.764   8.712 -16.432  25.501   7.909 -17.470
  25.059   9.738 -17.460  24.308  10.528 -17.299  26.039  10.176 -18.444  25.066
   9.254 -15.035  24.920   9.440 -14.209  24.833   8.738 -14.987  25.906   9.896
 -14.935  24.156  10.211 -17.896  23.120   7.462 -18.221  23.789   6.457 -18.641
  22.249   7.955
  -0.380  20.598  15.319   0.071  20.086  14.576  -0.728  19.924  15.984   0.304
  21.178  15.780  -1.500  21.411  14.769  -2.004  21.911  15.600  -1.001  22.492
  13.785  -0.424  22.005  12.997  -1.863  22.979  13.327  -0.139  23.577  14.461
  -0.744  24.073  15.223   0.708  23.103  14.961   0.408  24.633  13.482   0.473
  24.386  12.256   0.822  25.719  13.949  -2.536  20.505  14.085  -2.192  19.403
  13.647  -3.800  20.950  13.990  -4.007  21.876  14.341  -4.921  20.231  13.342
  -4.521  19.412  12.739  -5.865  19.630  14.404  -6.214  20.422  15.070  -6.734
  19.202  13.900  -5.199  18.518  15.234  -4.825  17.746  14.560  -4.361  18.933
  15.793  -6.186  17.883  16.224  -6.559  18.651  16.906  -7.026  17.454  15.674
  -5.480  16.781  17.025  -5.092  16.032  16.328  -4.628  17.219  17.554  -6.393
  16.133  17.998  -7.180  15.704  17.536  -5.914  15.408  18.511  -6.747  16.796
  18.670  -5.693  21.142  12.376  -5.668  22.363  12.536  -6.364  20.543  11.386
  -6.345  19.534  11.363  -7.077  21.212  10.274  -7.299  22.240  10.557  -6.198
  21.230   9.000  -6.002  20.200   8.697  -6.893  21.938   7.829  -7.225  22.929
   8.141  -6.205  22.025   6.988  -7.750  21.356   7.489  -4.839  21.911   9.217
  -4.250  21.357   9.947  -4.277  21.928   8.283  -4.980  22.930   9.567  -8.398
  20.487   9.965  -8.441  19.257  10.033  -9.472  21.208   9.605  -9.390  22.222
   9.585 -10.705  20.609   9.045 -10.412  19.804   8.368 -11.563  19.991  10.160
 -10.940  19.363  10.797 -12.002  20.787  10.765 -12.591  19.187   9.610 -13.087
  18.784  10.338 -11.561  21.601   8.237 -11.549  22.805   8.506 -12.339  21.093
   7.275 -12.332  20.089   7.168 -13.372  21.833   6.540 -13.039  22.860   6.392
 -13.531  21.190   5.154 -12.559  21.153   4.659 -13.903  20.169   5.268 -14.690
  22.141   4.127 -14.703  21.312   3.084 -14.698  21.869   7.330 -15.085  20.872
   7.950 -15.397  23.012   7.319 -15.024  23.781   6.768 -16.544  23.325   8.202
 -16.510  22.642   9.049 -16.398  24.741   8.785 -16.506  25.482   7.991 -17.457
  24.994   9.857 -17.378  24.250  10.650 -17.313  25.985  10.282 -18.450  24.951
   9.420 -15.034  24.935   9.460 -14.234  24.896   8.723 -15.006  25.912   9.936
 -14.872  24.159  10.208 -17.903  23.087   7.541 -18.213  23.704   6.499 -18.668
  22.262   8.084
