#Frame       SA_00001
       1    6011.3875
       2    5931.0814
       3    5892.1070
       4    6012.2118
       5    5928.9737
       6    5942.7201
       7    5912.0487
       8    6036.9293
       9    5998.7952
      10    6015.0282
      11    6009.1952
      12    5899.8901
      13    5896.6797
      14    5903.5504
      15    6054.6439
      16    5960.6936
      17    5913.4913
      18    5949.7132
      19    5863.5962
      20    5938.7687
      21    5939.3682
      22    6035.5600
      23    5891.4786
      24    5898.1265
      25    5960.6262
      26    5941.2404
      27    5941.5093
      28    5916.7629
      29    5967.0674
      30    5940.0252
      31    5952.0766
      32    6016.0758
      33    6011.7588
      34    5795.8185
      35    5918.6492
      36    5908.6788
      37    5982.5523
      38    5955.9546
      39    5943.7881
      40    5919.7657
      41    5944.3358
      42    5895.7064
      43    6025.6809
      44    5922.8711
      45    6014.7881
      46    5930.2575
      47    5775.4398
      48    5958.1832
      49    6012.5931
      50    5932.8477
