#Frame       SA_00001
       1     858.0686
       2     904.8897
       3     889.1582
       4     907.8742
       5     864.9266
       6     904.1490
       7     903.6484
       8     894.6552
       9     894.2856
      10     904.2498
      11     893.8808
      12     865.8382
      13     887.3626
      14     889.1402
      15     882.8312
      16     882.5935
      17     886.5503
      18     866.9632
      19     887.2966
      20     907.0828
      21     891.3295
      22     888.4377
      23     904.8883
      24     861.9654
      25     892.3337
      26     899.4731
      27     882.4679
      28     873.8619
      29     903.0696
      30     884.9184
      31     903.0167
      32     902.5126
      33     889.7223
      34     902.5492
      35     906.8500
      36     862.7980
      37     868.2936
      38     888.5062
      39     880.9918
      40     909.0552
      41     862.5394
      42     889.7988
      43     885.6857
      44     900.0553
      45     890.9089
      46     869.3485
      47     880.4553
      48     904.9120
      49     903.7790
      50     904.9431
