#Frame       SA_00001
       1    6017.4454
       2    5910.9811
       3    5905.1594
       4    5977.0810
       5    5933.0158
       6    5942.4476
       7    5870.1447
       8    5988.8965
       9    5972.6588
      10    5982.1528
      11    5983.7467
      12    5908.9060
      13    5906.2554
      14    5935.5212
      15    5985.2637
      16    5975.6026
      17    5943.8136
      18    5943.4629
      19    5881.6055
      20    5900.9612
      21    5934.5949
      22    6008.1850
      23    5899.9362
      24    5909.0146
      25    5944.1004
      26    5926.8653
      27    5974.1058
      28    5914.9960
      29    5934.9287
      30    5966.1426
      31    5924.9773
      32    5971.2096
      33    6002.2345
      34    5849.2699
      35    5895.6113
      36    5908.9746
      37    5974.9731
      38    5984.1105
      39    5977.0348
      40    5906.8152
      41    5946.4497
      42    5900.5290
      43    6022.2669
      44    5924.7986
      45    5980.5200
      46    5928.4895
      47    5889.6440
      48    5925.7154
      49    5982.2762
      50    5911.7693
