#Frame       SA_00001
       1    5936.4598
       2    5890.5476
       3    5898.6981
       4    5932.4925
       5    5911.7325
       6    5886.5879
       7    5954.8466
       8    5931.1793
       9    6005.1743
      10    5933.8234
      11    5890.9714
      12    5918.5492
      13    5917.1528
      14    5998.8824
      15    5930.2635
      16    5884.7132
      17    5935.1290
      18    5967.0387
      19    5899.5282
      20    5875.0597
      21    5896.6356
      22    5883.9706
      23    5926.8520
      24    5872.6529
      25    5890.1075
      26    5888.2804
      27    5951.8431
      28    5874.3388
      29    5891.1411
      30    5896.8429
      31    5957.5096
      32    5943.4184
      33    5896.8773
      34    5957.1013
      35    5887.3812
      36    5954.6163
      37    5878.4385
      38    5877.4078
      39    5948.8764
      40    5916.4710
      41    5945.0732
      42    5950.4046
      43    5907.5046
      44    5954.6457
      45    5954.2860
      46    5855.1814
      47    5889.8687
      48    5877.9936
      49    5940.0524
      50    5889.2169
