#Frame       SA_00001
       1    5966.4500
       2    5918.6244
       3    5933.7361
       4    5970.3548
       5    5947.2613
       6    5918.6833
       7    5975.4857
       8    5967.4582
       9    5981.7995
      10    5966.4054
      11    5925.3437
      12    5957.3664
      13    5958.8365
      14    6034.5070
      15    5962.5825
      16    5904.5668
      17    5966.0725
      18    5964.0967
      19    5929.0276
      20    5910.4337
      21    5770.5878
      22    5917.3612
      23    5957.1876
      24    5904.7600
      25    5917.4768
      26    5922.8063
      27    5994.8003
      28    5909.2217
      29    5925.1637
      30    5932.4860
      31    5976.0716
      32    5919.3718
      33    5928.8986
      34    5998.7606
      35    5921.1195
      36    5921.4579
      37    5913.1943
      38    5911.4618
      39    5992.4102
      40    5844.2434
      41    5902.4044
      42    5982.6710
      43    5951.0249
      44    5996.6505
      45    5997.8885
      46    5794.3176
      47    5858.8755
      48    5915.9007
      49    5990.1735
      50    5923.3298
