#Frame       SA_00001
       1     894.7748
       2     893.5644
       3     894.9215
       4     894.9815
       5     895.5872
       6     894.5123
       7     896.5942
       8     899.1328
       9     865.0497
      10     895.1794
      11     895.3102
      12     896.0328
      13     894.5583
      14     897.9873
      15     895.6058
      16     894.9407
      17     895.1619
      18     867.7904
      19     893.9371
      20     896.4709
      21     856.4679
      22     894.9193
      23     895.1973
      24     895.4172
      25     893.6229
      26     895.2284
      27     899.8732
      28     896.2700
      29     894.7568
      30     895.4361
      31     896.2336
      32     866.6475
      33     895.4534
      34     882.0861
      35     894.7818
      36     866.2127
      37     896.5397
      38     896.2303
      39     899.7100
      40     895.0182
      41     864.7908
      42     894.8650
      43     897.1174
      44     899.3360
      45     898.8461
      46     897.7068
      47     864.9475
      48     896.2053
      49     897.1928
      50     895.4059
